9.078861403888942583e-01
8.765883865969176236e-01
9.169029591004591584e-01
9.256635232652908885e-01
9.473702910445580549e-01
9.370240818415938033e-01
9.330487240197247178e-01
9.168692466218727466e-01
9.356269314704691586e-01
9.011727601398029641e-01
8.865121467781684750e-01
9.159344805514979537e-01
8.934541526941299772e-01
9.131893040229153158e-01
9.221786245226368806e-01
9.031778238850789453e-01
9.204258715026547577e-01
9.011150304923957188e-01
8.678066986849063413e-01
8.666029409481096346e-01
8.729369008629966897e-01
9.046973561900971683e-01
8.802907441110801035e-01
8.525400939702640901e-01
8.588730142879814622e-01
8.688270831627514790e-01
8.621656423003110081e-01
8.704603796336612964e-01
8.763056395710259183e-01
8.683843983028310953e-01
8.502310196634624839e-01
8.470380062552146372e-01
8.489429837224743425e-01
8.375302273226887806e-01
8.607356819261712255e-01
8.438943473848533605e-01
8.509813072578040760e-01
8.411502222315119237e-01
8.369197688323354312e-01
8.583089658294172919e-01
8.351365317935450783e-01
8.491849318004841551e-01
8.394028237070948473e-01
8.238821314044694200e-01
8.185330465640289210e-01
8.255663237723931402e-01
8.238804579284023655e-01
8.013990852858363656e-01
8.219776179961604257e-01
7.874026910201807894e-01
7.880431157917836549e-01
7.896547985605358866e-01
7.958511722620056350e-01
7.809666845934437607e-01
7.898686155089141847e-01
7.987445156780740296e-01
7.934736069187742213e-01
7.901145730178370519e-01
7.754503499339937544e-01
7.767719685712958233e-01
7.765123806809327567e-01
7.559159037319839181e-01
7.732901706375107098e-01
7.729202026195167718e-01
7.703918832071808831e-01
7.742692350751381181e-01
7.572279244357155159e-01
7.627833426311398934e-01
7.603997842426721832e-01
7.744181159296366079e-01
7.472214351509267605e-01
7.428745852563265473e-01
7.680123981117086274e-01
7.511012615288521488e-01
7.336963708328582134e-01
7.417287556640946855e-01
7.283312387487853590e-01
7.161804450934972088e-01
7.271511708071396463e-01
7.160277033555859649e-01
7.167676666173131705e-01
7.103687265818757757e-01
7.069045463252209283e-01
7.110436040135800217e-01
6.806833813764432417e-01
6.916416229513563385e-01
6.969129624815996182e-01
6.868357604897437074e-01
6.775712452056872337e-01
6.561311343876383706e-01
6.703968202185052183e-01
6.681726368480397360e-01
6.740648081348765697e-01
6.538450882852530066e-01
6.628126298648949755e-01
6.422436866631716645e-01
6.499748707409174209e-01
6.434362916330244042e-01
6.368676863827393841e-01
6.345789614744360430e-01
6.360501717481306105e-01
6.448624845245874981e-01
6.261454552007428287e-01
6.162081361861965201e-01
6.205221083051410957e-01
6.162319963219632379e-01
6.081811355524250340e-01
6.095632914688524640e-01
5.975261865968892749e-01
5.972830751643947167e-01
5.979416897617489957e-01
5.982850315853283085e-01
5.859860442470380404e-01
5.831079713253697339e-01
5.921456223884394854e-01
5.800713172600859835e-01
5.791779825642019430e-01
5.700368065653896865e-01
5.706729506945613650e-01
5.757985547852710884e-01
5.660513280467274200e-01
5.544469713597238725e-01
5.530606239664301871e-01
5.445049859336148490e-01
5.441666579674887538e-01
5.416586716008059410e-01
5.362072587067522322e-01
5.317637184975094744e-01
5.337594904060526391e-01
5.270913411773127111e-01
5.262654921408109754e-01
5.125618492156855943e-01
5.195874132399707079e-01
5.176595770025382848e-01
5.179919289673131644e-01
5.145189064256344702e-01
5.069028450794895724e-01
5.016618556744580903e-01
4.986709115819576432e-01
4.924600532137756170e-01
4.916174849914508593e-01
4.741574085513674541e-01
4.797907432971536545e-01
4.782154441833774139e-01
4.711110419999688936e-01
4.634180742586650470e-01
4.602854893817658333e-01
4.589337845746853106e-01
4.601888241874168561e-01
4.516985603981848452e-01
4.555457440857877960e-01
4.462853356719898024e-01
4.470371777973622396e-01
4.447677790238425133e-01
4.507558914214246371e-01
4.445095303959440414e-01
4.373681172962032848e-01
4.389132872942636543e-01
4.295464637340793423e-01
4.340339704212167748e-01
4.259039303656778075e-01
4.319089355604222025e-01
4.261906872504211408e-01
4.295919796588341111e-01
4.174352426429002172e-01
4.196836560217870882e-01
4.202434785834990305e-01
4.153760873507675311e-01
4.143795853690822595e-01
4.120134522530929377e-01
4.137245871695655608e-01
4.089595220564413713e-01
4.043603416419438434e-01
4.054888106261093639e-01
3.980466478955221876e-01
4.048650580886639649e-01
3.990660291016243089e-01
3.976181508365551065e-01
3.915290317910767315e-01
3.906647376369765667e-01
3.869794921337358362e-01
3.875684617411747634e-01
3.827228215048700810e-01
3.801361218658919072e-01
3.806041914247043079e-01
3.815562822590837788e-01
3.813122252549613900e-01
3.777151988116213555e-01
3.734713949201701744e-01
3.737843813755822309e-01
3.694485988856275882e-01
3.675931280041028204e-01
3.649066188535824984e-01
3.632571673018132330e-01
3.654245854054422593e-01
3.591419120498995365e-01
3.548930698380790005e-01
3.545062026286899259e-01
3.510419571320136378e-01
3.487569359128404045e-01
3.484087283134296720e-01
3.475579786349124456e-01
3.440545827829822878e-01
3.438545170258953676e-01
3.426626126363809255e-01
3.409540670159380005e-01
3.363949313987351641e-01
3.359163049428216530e-01
3.340655283830024636e-01
3.316138970237905159e-01
3.309617102877079886e-01
3.289161000987868011e-01
3.284144854057497454e-01
3.267315387920813885e-01
3.247182108906503939e-01
3.231280310445625026e-01
3.219804290774689881e-01
3.187424465053341760e-01
3.168643586597288397e-01
3.162462579874237290e-01
3.145753107227136081e-01
3.122479751881019894e-01
3.107711115432250093e-01
3.085842063608342234e-01
3.083974524177067189e-01
3.071148997649855716e-01
3.048954168367721818e-01
3.032864149474973625e-01
2.980158682458773356e-01
2.953941032334713723e-01
2.958654307816042106e-01
2.928558931723631020e-01
2.904646849686030596e-01
2.894059694800492077e-01
2.861372516316935122e-01
2.870615668566266487e-01
2.866532445535850959e-01
2.825738662311276239e-01
2.835465690120716475e-01
2.804131459725170972e-01
2.813394660472499642e-01
2.792059167654024621e-01
2.768704493147929324e-01
2.747949495527032271e-01
2.731365911031494176e-01
2.737621668714422807e-01
2.717051723017042675e-01
2.701281977317176453e-01
2.673310119375316707e-01
2.679816712401751899e-01
2.647950410983562763e-01
2.632558351091993654e-01
2.630277361268757996e-01
2.607453846782132323e-01
2.596216479457680304e-01
2.592366482244630732e-01
2.575721455719375830e-01
2.554505079609078466e-01
2.545844191775488707e-01
2.551362475596527513e-01
2.538321483065682505e-01
2.531701867456335742e-01
2.534600687088671145e-01
2.510419283160999493e-01
2.493454739548686683e-01
2.493919992108231676e-01
2.486040180044159220e-01
2.490223198585329867e-01
2.455358274030295385e-01
2.456890661438240753e-01
2.444303182709093858e-01
2.445413644491094829e-01
2.411925835729059053e-01
2.414723364637265668e-01
2.405819924833517698e-01
2.392435044544712064e-01
2.388348860847833155e-01
2.369833192019717427e-01
2.366574671908193706e-01
2.346435030420785661e-01
2.334691646317038349e-01
2.332682793776602592e-01
2.311874908638723580e-01
2.303444717859854107e-01
2.294642850412169643e-01
2.278890224888327765e-01
2.264762803520119216e-01
2.258444705241965111e-01
2.256275801611326293e-01
2.239239886195789619e-01
2.235499935590451737e-01
2.219006476805113759e-01
2.212242690830995284e-01
2.205106089336549557e-01
2.208769119737919451e-01
2.196497361300133733e-01
2.192042452380772444e-01
2.180898955150398499e-01
2.173950293521808852e-01
2.155958274320084467e-01
2.169147739286478582e-01
2.154233940555439208e-01
2.160186898096510266e-01
2.153530896898687708e-01
2.144144759218172824e-01
2.129816580561216532e-01
2.112600744800798014e-01
2.114508675006671334e-01
2.114085621637149526e-01
2.097745762302436756e-01
2.080103910215391483e-01
2.075895503875162806e-01
2.073493153196136751e-01
2.060795657315245000e-01
2.046957986631142423e-01
2.042246931558487355e-01
2.035151388964666075e-01
2.025974356807694610e-01
2.021768366552914031e-01
2.018057180765714664e-01
2.001058192757705356e-01
1.991982724206108613e-01
1.992599892675069040e-01
1.980146238095120415e-01
1.974998070557905105e-01
1.970121631703721787e-01
1.967677730019800342e-01
1.956247967849382430e-01
1.955876942922342709e-01
1.938280369827556637e-01
1.943053806209148471e-01
1.930069909843473153e-01
1.927022948801044577e-01
1.925298263300085633e-01
1.918295605682301952e-01
1.913012424952663382e-01
1.902415531953612071e-01
1.900237380231461770e-01
1.893331092142960526e-01
1.892644801202664484e-01
1.873800777880069712e-01
1.867970489429312264e-01
1.872309908491961439e-01
1.863701402445279154e-01
1.855275186373598617e-01
1.847755310514770100e-01
1.853207779593956661e-01
1.846927755428336149e-01
1.834652929171679547e-01
1.836746381170314968e-01
1.828386405802204517e-01
1.826864505583496445e-01
1.832986986705301691e-01
1.825023768682639269e-01
1.821058763820509463e-01
1.821856191006595016e-01
1.809791569037891013e-01
1.819926064789384179e-01
1.808022018816725363e-01
1.813823661064877246e-01
1.801464887883796884e-01
1.804659055885676211e-01
1.796318351692453852e-01
1.801526848865031838e-01
1.793001709261884125e-01
1.791386560817949392e-01
1.796692539118507626e-01
1.781842838888156311e-01
1.782082878484013144e-01
1.773923311291960014e-01
1.769653398994072702e-01
1.771482312065763842e-01
1.758492141793767394e-01
1.758892499969456624e-01
1.758649899839717923e-01
1.746701787822406704e-01
1.748018188148449392e-01
1.735043658844889203e-01
1.730275057747099332e-01
1.732815420403983897e-01
1.730283467104315742e-01
1.720651914281708106e-01
1.720432453110717352e-01
1.713704782486732969e-01
1.712523687703920994e-01
1.708072931838543473e-01
1.702431801238143971e-01
1.696528505710010182e-01
1.676334797796188159e-01
1.677849521686947676e-01
1.676575071175382958e-01
1.672356295970902351e-01
1.670381269953450099e-01
1.671939607127027050e-01
1.669159353737892371e-01
1.665354337993958933e-01
1.664281063774712410e-01
1.661529651303740862e-01
1.654343985068266465e-01
1.656421209920985738e-01
1.656175612827228694e-01
1.666262912462252443e-01
1.664849172211865513e-01
1.658576585577236084e-01
1.653659257711817543e-01
1.648948901778484744e-01
1.653854770708716171e-01
1.646277832836983979e-01
1.643246402359498093e-01
1.645462104846962537e-01
1.644050273251766447e-01
1.632647015109371380e-01
1.638302635515435646e-01
1.626998101297876809e-01
1.626586300122309092e-01
1.625296344064560139e-01
1.622484266241617512e-01
1.621668162416734504e-01
1.616975733181564290e-01
1.613080235322990885e-01
1.614194914738330267e-01
1.611436982811761953e-01
1.607174649890841800e-01
1.607725785372252914e-01
1.603467621270598387e-01
1.606937215983746114e-01
1.608635276714782680e-01
1.609926643575594341e-01
1.607280633965913197e-01
1.608645975659965532e-01
1.606186671014230849e-01
1.604112525905654896e-01
1.608057738149579752e-01
1.598714908517339661e-01
1.594727494046375982e-01
1.591519249142286374e-01
1.590936037688020221e-01
1.587414735150961820e-01
1.583221100603632581e-01
1.576551177601669962e-01
1.576762806274999706e-01
1.571616421630389615e-01
1.572220387435333266e-01
1.563534908803992096e-01
1.561519367120054735e-01
1.556665457584667234e-01
1.556361778331723233e-01
1.548599231817156530e-01
1.545157228235882196e-01
1.541279065733635323e-01
1.539635732523384481e-01
1.533877980246955985e-01
1.531269569003724518e-01
1.533674101159921144e-01
1.530877177935361932e-01
1.530682799461076382e-01
1.525728179701276443e-01
1.529541910090090606e-01
1.529807152817815041e-01
1.523688938276923643e-01
1.526935440264236832e-01
1.526960744117105140e-01
1.522446101481352010e-01
1.522984304491362129e-01
1.524141287033229375e-01
1.524314480213379286e-01
1.523347523555003691e-01
1.524658879368580022e-01
1.523458310108936897e-01
1.519398788562393299e-01
1.524389347125759686e-01
1.525168489972307528e-01
1.523402540785067094e-01
1.520229899065968782e-01
1.518235036098088964e-01
1.514718428213940871e-01
1.511960693689124169e-01
1.512342574160698006e-01
1.514060989109334288e-01
1.513872908676455464e-01
1.513272015301630191e-01
1.508370817388099694e-01
1.508333684690835730e-01
1.506459709424963211e-01
1.504025152522637521e-01
1.507767087062040767e-01
1.501977979601333557e-01
1.507212187153287863e-01
1.506236824006224884e-01
1.507989001353181036e-01
1.505427127425739697e-01
1.505822097478168309e-01
1.502965829069625170e-01
1.500266461394928752e-01
1.499392136364381678e-01
1.501276891311709716e-01
1.501349357697614462e-01
1.502510558566270693e-01
1.503091583751713645e-01
1.500849142564834038e-01
1.499148272814028460e-01
1.501325669171776900e-01
1.503843086246865468e-01
1.501188524507978961e-01
1.498598700534425343e-01
1.496682217834628403e-01
1.496000889681611823e-01
1.494655754388362900e-01
1.494352966323857501e-01
1.492872041717184517e-01
1.487392955587115428e-01
1.489817197292504503e-01
1.488112334366633316e-01
1.486370782812978519e-01
1.486966228654923450e-01
1.484403653192305772e-01
1.487609650355255220e-01
1.484571117403184481e-01
1.482215778841715070e-01
1.479846856577461955e-01
1.481842411035313167e-01
1.481855774989335461e-01
1.477926730688747248e-01
1.474722027653533607e-01
1.473579222446388115e-01
1.473091670514742324e-01
1.469222456510582142e-01
1.469323340339143136e-01
1.466472951780876111e-01
1.468013824553171531e-01
1.464640833012599286e-01
1.463049161289435851e-01
1.462352087639229858e-01
1.462688673642117687e-01
1.463285231230521954e-01
1.462938473358745273e-01
1.461317764343267045e-01
1.461594467322296365e-01
1.461189474453660764e-01
1.461940609122076018e-01
1.461079030827822922e-01
1.460742799280520809e-01
1.463118872295346429e-01
1.464460533531108388e-01
1.465978039954071999e-01
1.465062277668761348e-01
1.463804428181988693e-01
1.470746140544339498e-01
1.469270944078499841e-01
1.463599456999952197e-01
1.467224989691210957e-01
1.467584657674003423e-01
1.465042596935837715e-01
1.468547883094169504e-01
1.462654255037473261e-01
1.461294243317188268e-01
1.462959151178045980e-01
1.466834190941188887e-01
1.461453946159922412e-01
1.463963484693442396e-01
1.466226199871629166e-01
1.459206454715901435e-01
1.461715641768675245e-01
1.456992197504576314e-01
1.456586611806848230e-01
1.452582614633016467e-01
1.455099396186887162e-01
1.453637432138017715e-01
1.450556955075717191e-01
1.452081481456586887e-01
1.450915299057937147e-01
1.452327472813999543e-01
1.448938406502689458e-01
1.450392229098531882e-01
1.449629157039675209e-01
1.448553877534629608e-01
1.449145573530879472e-01
1.450936332827706121e-01
1.451621397197099539e-01
1.450567214722167653e-01
1.451781488958313882e-01
1.450740172179985910e-01
1.447849114457875064e-01
1.453598065977774745e-01
1.455275107145252156e-01
1.457100984292332702e-01
1.457717472550359161e-01
1.461525169216392472e-01
1.463447532041323718e-01
1.459696537020518936e-01
1.462512770359120640e-01
1.460731388267180186e-01
1.460941097786446208e-01
1.458434981876185477e-01
1.458742845577456204e-01
1.461150623985191799e-01
1.461874363159027801e-01
1.459247376374242511e-01
1.459348598447675338e-01
1.458101924421971451e-01
1.458155741842337982e-01
1.455562630867935081e-01
1.459120195071437753e-01
1.453655450990729014e-01
1.457433394441529084e-01
1.453101010835727847e-01
1.451887215585297430e-01
1.453034039917548981e-01
1.453933503644301850e-01
1.452932252489281539e-01
1.453438585647109094e-01
1.451495928628261933e-01
1.452763875869985399e-01
1.452043294858361422e-01
1.449107948550918679e-01
1.454238402444520961e-01
1.454201050522895833e-01
1.454308424216738393e-01
1.456923388259431240e-01
1.453947543358480310e-01
1.455102150860536625e-01
1.458423573214372715e-01
1.459985852839568443e-01
1.454614700312406306e-01
1.459866664910813294e-01
1.462996122720703063e-01
1.461655112192145334e-01
1.465950724329624921e-01
1.468499703353319530e-01
1.467954588552723705e-01
1.469742035180808815e-01
1.467749568632727986e-01
1.468616019928754290e-01
1.466184991926485770e-01
1.470650572772698450e-01
1.464259887456539067e-01
1.463065408636322340e-01
1.465457642257915194e-01
1.464491284925808490e-01
1.466999087579117234e-01
1.466423533129786461e-01
1.463864162634776200e-01
1.468561613925534193e-01
1.461279373851690488e-01
1.465737682081435789e-01
1.466437881171279989e-01
1.465738299937327793e-01
1.463069567429359785e-01
1.467831887541860281e-01
1.465129040850658149e-01
1.464105821178116329e-01
1.465340246605520702e-01
1.467347171713177800e-01
1.464520254825214529e-01
1.466222470306188241e-01
1.463813958211654109e-01
1.464306054148873382e-01
1.461513271784143364e-01
1.462865176553750923e-01
1.461316117816779669e-01
1.460313651416277891e-01
1.456649501400734681e-01
1.460219961849482384e-01
1.458933776886054967e-01
1.458604428638352879e-01
1.456701671273202547e-01
1.458364461246027255e-01
1.460572153349823099e-01
1.461790175149821902e-01
1.458416579163437088e-01
1.457673997237655672e-01
1.455805657144244591e-01
1.456967882830233485e-01
1.454256824586236396e-01
1.459784178348938755e-01
1.457170928623903461e-01
1.459403708275848199e-01
1.458526328910672576e-01
1.462305370653242398e-01
1.463347932746008606e-01
1.463159384518581962e-01
1.466324914184443107e-01
1.469355479769634820e-01
1.471370700908371243e-01
1.473064080488194483e-01
1.475756440573263994e-01
1.476904392112367015e-01
1.475354384040189759e-01
1.482841893871901517e-01
1.480766486562048456e-01
1.484483614064240065e-01
1.488382787002410779e-01
1.489101621365677419e-01
1.488992493183274035e-01
1.490748330178690295e-01
1.494710738018829588e-01
1.494112776946562859e-01
1.493598926273577709e-01
1.495990343250788168e-01
1.496242717523879329e-01
1.495736297403773840e-01
1.498121455139745095e-01
1.499286043289157766e-01
1.499628567779179300e-01
1.499306977622456571e-01
1.498491756816092979e-01
1.498027878955227876e-01
1.505990842675479502e-01
1.500497928160804129e-01
1.500483526839589687e-01
1.499835540817361923e-01
1.499419930404817247e-01
1.497816423667021613e-01
1.503255298914734361e-01
1.502834308757449167e-01
1.504245888153658284e-01
1.506008576482934236e-01
1.508413130526351231e-01
1.503886207387428731e-01
1.510375299188763121e-01
1.508082324383206996e-01
1.510798731148692287e-01
1.510964767203075432e-01
1.515556728952397181e-01
1.516449251627075556e-01
1.517133142692282111e-01
1.520622956264842673e-01
1.522887485974203092e-01
1.525076378883536421e-01
1.528187514378400169e-01
1.528880576696560745e-01
1.529321762929306272e-01
1.534667969885611660e-01
1.540161991505052119e-01
1.538048376768789971e-01
1.543497087908141385e-01
1.542996926827301107e-01
1.543395480328403901e-01
1.547445408679863077e-01
1.550766066622241979e-01
1.553012029851902898e-01
1.551897513015317032e-01
1.557793484575888399e-01
1.551668349072798658e-01
1.555873750472795414e-01
1.558133018907479628e-01
1.559577505384890650e-01
1.556235756270442916e-01
1.561006522247253003e-01
1.561197908189215777e-01
1.555576043324058688e-01
1.560242146423715393e-01
1.560029788499016912e-01
1.560353588783176260e-01
1.557488290783645146e-01
1.558270746293721476e-01
1.556994456595677534e-01
1.558507302379236736e-01
1.559410105892878040e-01
1.562852769969723943e-01
1.561933439644763999e-01
1.559469902833259536e-01
1.561069348116802258e-01
1.563875129428667632e-01
1.564468639062930877e-01
1.560924610284592229e-01
1.563036717206395254e-01
1.568370635291335968e-01
1.568408623642914279e-01
1.565248837544136462e-01
1.570483366600500807e-01
1.569404966866214390e-01
1.570242173097882998e-01
1.575461333239947526e-01
1.574930222925587098e-01
1.576471884208043017e-01
1.580767053044392079e-01
1.582112028447294760e-01
1.583287425522552916e-01
1.588527321436671025e-01
1.584964090563713568e-01
1.590290397167462566e-01
1.592797305171153310e-01
1.596818255093695182e-01
1.600631018745205802e-01
1.601887401931346988e-01
1.606035041667148999e-01
1.608579945110681642e-01
1.606802952684251162e-01
1.610091127296268410e-01
1.608791525198407235e-01
1.614432623162504465e-01
1.614293697491175628e-01
1.614778531441568576e-01
1.620350475852821992e-01
1.620386277479220483e-01
1.621801510073087038e-01
1.623370322938235688e-01
1.620121598298483179e-01
1.622454823551759961e-01
1.627933568754397209e-01
1.625627772662271431e-01
1.628362760395559439e-01
1.631803127603308201e-01
1.630057016242970336e-01
1.633875414745627752e-01
1.632280147682154681e-01
1.635916600525109399e-01
1.635715846052918365e-01
1.636443354039037179e-01
1.636049683415301270e-01
1.637034387347319486e-01
1.638040184334779714e-01
1.640822047479717494e-01
1.637689309193552933e-01
1.640835412003506522e-01
1.642879373842602575e-01
1.644986599366694280e-01
1.639924348248492092e-01
1.642445838459926366e-01
1.645465800505522547e-01
1.644385984573143722e-01
1.643268195352743655e-01
1.646324344297050435e-01
1.644909198202830214e-01
1.645242590012287454e-01
1.647063958209069312e-01
1.645289566702732575e-01
1.647018086611342635e-01
1.648169127351424568e-01
1.651206535990992763e-01
1.650161380532322031e-01
1.652447022153925860e-01
1.649358978951914745e-01
1.652458657440399881e-01
1.654686891371950908e-01
1.651225157393591825e-01
1.657505282802852753e-01
1.657085835247146810e-01
1.658933461728583636e-01
1.655321389292935541e-01
1.663617626020206242e-01
1.659811070321910720e-01
1.660869054010103429e-01
1.668975468673905005e-01
1.672368073730543803e-01
1.672120939373738235e-01
1.671704177261203461e-01
1.677361661790889857e-01
1.675693231084944834e-01
1.675585086294489878e-01
1.678374261098549425e-01
1.682030252360446620e-01
1.684645704928291743e-01
1.685920906965000521e-01
1.686454672025456403e-01
1.690633691982925957e-01
1.687227336080112661e-01
1.684527174736373811e-01
1.694402873376622820e-01
1.695687631570518272e-01
1.692158828104118884e-01
1.697750416918590022e-01
1.699124206141052196e-01
1.699539571793247383e-01
1.700879396402865673e-01
1.702899380073619462e-01
1.706846472395174286e-01
1.705533839194671719e-01
1.709293302777090406e-01
1.710580654189466365e-01
1.712153573920627836e-01
1.712547349980330091e-01
1.720126698212908478e-01
1.716582636982564303e-01
1.722238426114953147e-01
1.725042746398371962e-01
1.724365552446490146e-01
1.724195155428235315e-01
1.728124207215445962e-01
1.727503969962607966e-01
1.731424284875867081e-01
1.728675639819625964e-01
1.729806045687541927e-01
1.732400586075186488e-01
1.732950110748609218e-01
1.733588118472729755e-01
1.733043448296707756e-01
1.740485469730052026e-01
1.740810821195397651e-01
1.745711505390616092e-01
1.747450240433390534e-01
1.750084069316313051e-01
1.753199801207844799e-01
1.754330972161328994e-01
1.759075363667614023e-01
1.764602854934807230e-01
1.770628210081061360e-01
1.773631997107750213e-01
1.778572240350481115e-01
1.782258308043770112e-01
1.785097505726883638e-01
1.787175401586587331e-01
1.793226998197950950e-01
1.794226103861538690e-01
1.800009986876125456e-01
1.808118953532860951e-01
1.807476363196293678e-01
1.813579790311429796e-01
1.820111064006930679e-01
1.821469086133651327e-01
1.826347178865994902e-01
1.827720302227876514e-01
1.834881811336590007e-01
1.838213559891006543e-01
1.841174785465356789e-01
1.837802486328986018e-01
1.846272747343817855e-01
1.851262052228308252e-01
1.855108933192833598e-01
1.857992702491062798e-01
1.862918564730395854e-01
1.861705475345976357e-01
1.865221355652307011e-01
1.869139381993341065e-01
1.873320683384862573e-01
1.874396341261983512e-01
1.881661513131129004e-01
1.881563117154428366e-01
1.881944417173816997e-01
1.884557870306010907e-01
1.890102452588715287e-01
1.887721114470683748e-01
1.889480339115726104e-01
1.893080764645359293e-01
1.891805887679361420e-01
1.900840831772467043e-01
1.900307351190344829e-01
1.900465986216797742e-01
1.900035895891719895e-01
1.902183281313494789e-01
1.902049822905315379e-01
1.904362014672121295e-01
1.914755457329973543e-01
1.910020665648954619e-01
1.905669926673240477e-01
1.911542719706522120e-01
1.911516160349779336e-01
1.911732863028281215e-01
1.914542415339158254e-01
1.916196387088278386e-01
1.916430145640712901e-01
1.919848476640409474e-01
1.926710181730501847e-01
1.925912797440249569e-01
1.923626026737751959e-01
1.929752634629067209e-01
1.935548297253372740e-01
1.936451044114393116e-01
1.933486941994284336e-01
1.941070400822373365e-01
1.942152745038868145e-01
1.949631071820584205e-01
1.948286888685988039e-01
1.953212901195247597e-01
1.951705110050400982e-01
1.963121159640693059e-01
1.961421979045576969e-01
1.970119351736537849e-01
1.973921008968037849e-01
1.979633507003883963e-01
1.986078183736971203e-01
1.989910571665463590e-01
1.994141640917790614e-01
1.996267364770603625e-01
2.000454232826717471e-01
2.003293295780872174e-01
2.008191986202255142e-01
2.014238697241918230e-01
2.021514654325389237e-01
2.022962019171220260e-01
2.024732626413078829e-01
2.036042219328410008e-01
2.032201617210994682e-01
2.038439841300380972e-01
2.044876568300234010e-01
2.045547052078166284e-01
2.046196323127998928e-01
2.051688204716732578e-01
2.063736441224286178e-01
2.067658715619805909e-01
2.072638811855077312e-01
2.070306018235519019e-01
2.074899067319864732e-01
2.089220391783191688e-01
2.087035169279054525e-01
2.093248785587464023e-01
2.099950442436877840e-01
2.095824787021731139e-01
2.099751123442516187e-01
2.106640359091909998e-01
2.110420079778047298e-01
2.111586556245111379e-01
2.118883428173182482e-01
2.120968994175727318e-01
2.120855270333233122e-01
2.125890625803356360e-01
2.127748374133993647e-01
2.129154940063230361e-01
2.132517738513808603e-01
2.135905187314782183e-01
2.137508681678116085e-01
2.144078506000562101e-01
2.152313910497475336e-01
2.149499216166015914e-01
2.157038912569187172e-01
2.162930207164867891e-01
2.163822675236448945e-01
2.167322142192138479e-01
2.168492653121759650e-01
2.171346771427091482e-01
2.179126746209929522e-01
2.180747356490682076e-01
2.181018634892543662e-01
2.190815465752172231e-01
2.192152349197218075e-01
2.195010270579590139e-01
2.207422534867430897e-01
2.211274050262689861e-01
2.213828482569814016e-01
2.220491021446930058e-01
2.227686752513353408e-01
2.222681816674778321e-01
2.228101532652662087e-01
2.236610974884989389e-01
2.245968607062037714e-01
2.244998637919493334e-01
2.258257082291898199e-01
2.261830966093997253e-01
2.265922476298364574e-01
2.275606150803601291e-01
2.278214819368325206e-01
2.283699115101595067e-01
2.290547311496456961e-01
2.296011384575391556e-01
2.300852455337362990e-01
2.312118788829089500e-01
2.312889964565251477e-01
2.321445189127440412e-01
2.323423699835908962e-01
2.329467889230935340e-01
2.331356651171485606e-01
2.341748836498296904e-01
2.350774541342818824e-01
2.360116125182072089e-01
2.356686307981263884e-01
2.365871529881388158e-01
2.366661387197847299e-01
2.372002437124004492e-01
2.377781809686583536e-01
2.387695997152641247e-01
2.392084466888988181e-01
2.387606049771848482e-01
2.402635255694227367e-01
2.405626146492957085e-01
2.413724651605057003e-01
2.415682309066904121e-01
2.420969631195774019e-01
2.430023839747028902e-01
2.430709981864664082e-01
2.434940018074369938e-01
2.444316969435763875e-01
2.441867933596264806e-01
2.450571198949760554e-01
2.457620410597670391e-01
2.461432737242537916e-01
2.469874652334569931e-01
2.463663020322578445e-01
2.477538408422142457e-01
2.474620444799440211e-01
2.478921613789020206e-01
2.491266668867255230e-01
2.494139556364665666e-01
2.495368300057828337e-01
2.505874636593129479e-01
2.504902599733394020e-01
2.507572791027367631e-01
2.512649983093028228e-01
2.522144619251802666e-01
2.525417498219856283e-01
2.523829951139801575e-01
2.534124732073984032e-01
2.531892454755377275e-01
2.544805131799315334e-01
2.553079570479145910e-01
2.549532633175413121e-01
2.554555978225909740e-01
