  250.000  0.000000e+00 
  251.000  0.000000e+00 
  252.000  0.000000e+00 
  253.000  0.000000e+00 
  254.000  0.000000e+00 
  255.000  0.000000e+00 
  256.000  0.000000e+00 
  257.000  0.000000e+00 
  258.000  0.000000e+00 
  259.000  0.000000e+00 
  260.000  0.000000e+00 
  261.000  0.000000e+00 
  262.000  0.000000e+00 
  263.000  0.000000e+00 
  264.000  0.000000e+00 
  265.000  0.000000e+00 
  266.000  0.000000e+00 
  267.000  0.000000e+00 
  268.000  0.000000e+00 
  269.000  0.000000e+00 
  270.000  0.000000e+00 
  271.000  0.000000e+00 
  272.000  0.000000e+00 
  273.000  0.000000e+00 
  274.000  0.000000e+00 
  275.000  0.000000e+00 
  276.000  0.000000e+00 
  277.000  0.000000e+00 
  278.000  0.000000e+00 
  279.000  0.000000e+00 
  280.000  0.000000e+00 
  281.000  0.000000e+00 
  282.000  0.000000e+00 
  283.000  0.000000e+00 
  284.000  0.000000e+00 
  285.000  0.000000e+00 
  286.000  0.000000e+00 
  287.000  0.000000e+00 
  288.000  0.000000e+00 
  289.000  0.000000e+00 
  290.000  0.000000e+00 
  291.000  0.000000e+00 
  292.000  1.146560e-02 
  293.000  2.500360e-02 
  294.000  8.564257e-02 
  295.000  1.617524e-01 
  296.000  6.422216e-01 
  297.000  6.583048e-01 
  298.000  2.309136e+00 
  299.000  3.838234e+00 
  300.000  5.298889e+00 
  301.000  1.201760e+01 
  302.000  1.226054e+01 
  303.000  2.757000e+01 
  304.000  2.906616e+01 
  305.000  4.672609e+01 
  306.000  4.902944e+01 
  307.000  6.842757e+01 
  308.000  8.415733e+01 
  309.000  8.921882e+01 
  310.000  8.865809e+01 
  311.000  1.664620e+02 
  312.000  1.346365e+02 
  313.000  1.696249e+02 
  314.000  1.750031e+02 
  315.000  2.000255e+02 
  316.000  1.547758e+02 
  317.000  2.257973e+02 
  318.000  2.183537e+02 
  319.000  2.352297e+02 
  320.000  2.440166e+02 
  321.000  2.800496e+02 
  322.000  2.590544e+02 
  323.000  2.215114e+02 
  324.000  2.773324e+02 
  325.000  3.198087e+02 
  326.000  4.311146e+02 
  327.000  4.386135e+02 
  328.000  3.813015e+02 
  329.000  4.396942e+02 
  330.000  4.649997e+02 
  331.000  3.866047e+02 
  332.000  4.247816e+02 
  333.000  4.845668e+02 
  334.000  4.167991e+02 
  335.000  4.475222e+02 
  336.000  3.394945e+02 
  337.000  3.302832e+02 
  338.000  4.081843e+02 
  339.000  4.137703e+02 
  340.000  4.732708e+02 
  341.000  4.032233e+02 
  342.000  4.269825e+02 
  343.000  4.346134e+02 
  344.000  3.972468e+02 
  345.000  5.155386e+02 
  346.000  5.770023e+02 
  347.000  5.544783e+02 
  348.000  5.276301e+02 
  349.000  5.848041e+02 
  350.000  6.039265e+02 
  351.000  5.799396e+02 
  352.000  6.009671e+02 
  353.000  5.533970e+02 
  354.000  6.443116e+02 
  355.000  6.591580e+02 
  356.000  6.301332e+02 
  357.000  4.064931e+02 
  358.000  4.455865e+02 
  359.000  4.520725e+02 
  360.000  6.760295e+02 
  361.000  5.394128e+02 
  362.000  5.971123e+02 
  363.000  6.406097e+02 
  364.000  6.452425e+02 
  365.000  6.092528e+02 
  366.000  8.432778e+02 
  367.000  7.608044e+02 
  368.000  7.231638e+02 
  369.000  7.003734e+02 
  370.000  8.117792e+02 
  371.000  6.534810e+02 
  372.000  6.927234e+02 
  373.000  6.956669e+02 
  374.000  5.427179e+02 
  375.000  5.001504e+02 
  376.000  7.200490e+02 
  377.000  7.417777e+02 
  378.000  9.647583e+02 
  379.000  7.468741e+02 
  380.000  7.029083e+02 
  381.000  7.922537e+02 
  382.000  5.950698e+02 
  383.000  4.169448e+02 
  384.000  4.603249e+02 
  385.000  6.955466e+02 
  386.000  5.413978e+02 
  387.000  6.235033e+02 
  388.000  6.188123e+02 
  389.000  7.063287e+02 
  390.000  8.585415e+02 
  391.000  9.618970e+02 
  392.000  8.556133e+02 
  393.000  4.599763e+02 
  394.000  5.096127e+02 
  395.000  8.563625e+02 
  396.000  8.831998e+02 
  397.000  3.599564e+02 
  398.000  1.007498e+03 
  399.000  1.209379e+03 
  400.000  1.189172e+03 
  401.000  1.183093e+03 
  402.000  1.254321e+03 
  403.000  1.175417e+03 
  404.000  1.262400e+03 
  405.000  1.158110e+03 
  406.000  1.149321e+03 
  407.000  1.120480e+03 
  408.000  1.212707e+03 
  409.000  1.342248e+03 
  410.000  1.122153e+03 
  411.000  1.318333e+03 
  412.000  1.366583e+03 
  413.000  1.289662e+03 
  414.000  1.266777e+03 
  415.000  1.350710e+03 
  416.000  1.343151e+03 
  417.000  1.301145e+03 
  418.000  1.272284e+03 
  419.000  1.304236e+03 
  420.000  1.103393e+03 
  421.000  1.382212e+03 
  422.000  1.323568e+03 
  423.000  1.117971e+03 
  424.000  1.229198e+03 
  425.000  1.273887e+03 
  426.000  1.224208e+03 
  427.000  1.177347e+03 
  428.000  1.191717e+03 
  429.000  1.084542e+03 
  430.000  8.654387e+02 
  431.000  7.770167e+02 
  432.000  1.399887e+03 
  433.000  1.246110e+03 
  434.000  1.183433e+03 
  435.000  1.286813e+03 
  436.000  1.427204e+03 
  437.000  1.442585e+03 
  438.000  1.291542e+03 
  439.000  1.248023e+03 
  440.000  1.399194e+03 
  441.000  1.394512e+03 
  442.000  1.469357e+03 
  443.000  1.478042e+03 
  444.000  1.468616e+03 
  445.000  1.542464e+03 
  446.000  1.373650e+03 
  447.000  1.567786e+03 
  448.000  1.591166e+03 
  449.000  1.603262e+03 
  450.000  1.638985e+03 
  451.000  1.770430e+03 
  452.000  1.644642e+03 
  453.000  1.526669e+03 
  454.000  1.628904e+03 
  455.000  1.638904e+03 
  456.000  1.678438e+03 
  457.000  1.687961e+03 
  458.000  1.657839e+03 
  459.000  1.657410e+03 
  460.000  1.642115e+03 
  461.000  1.701767e+03 
  462.000  1.675207e+03 
  463.000  1.673569e+03 
  464.000  1.679234e+03 
  465.000  1.653788e+03 
  466.000  1.707466e+03 
  467.000  1.645659e+03 
  468.000  1.742080e+03 
  469.000  1.726193e+03 
  470.000  1.702505e+03 
  471.000  1.700434e+03 
  472.000  1.720382e+03 
  473.000  1.700701e+03 
  474.000  1.711612e+03 
  475.000  1.779713e+03 
  476.000  1.726020e+03 
  477.000  1.711042e+03 
  478.000  1.793430e+03 
  479.000  1.709739e+03 
  480.000  1.741922e+03 
  481.000  1.732385e+03 
  482.000  1.768833e+03 
  483.000  1.770901e+03 
  484.000  1.701592e+03 
  485.000  1.712507e+03 
  486.000  1.387121e+03 
  487.000  1.559236e+03 
  488.000  1.691733e+03 
  489.000  1.571185e+03 
  490.000  1.789018e+03 
  491.000  1.673603e+03 
  492.000  1.608075e+03 
  493.000  1.731670e+03 
  494.000  1.672227e+03 
  495.000  1.786915e+03 
  496.000  1.740165e+03 
  497.000  1.688497e+03 
  498.000  1.648586e+03 
  499.000  1.645023e+03 
  500.000  1.637779e+03 
  501.000  1.600019e+03 
  502.000  1.586534e+03 
  503.000  1.678056e+03 
  504.000  1.554542e+03 
  505.000  1.684733e+03 
  506.000  1.801609e+03 
  507.000  1.673679e+03 
  508.000  1.609119e+03 
  509.000  1.735443e+03 
  510.000  1.682966e+03 
  511.000  1.683145e+03 
  512.000  1.765991e+03 
  513.000  1.617573e+03 
  514.000  1.582879e+03 
  515.000  1.616270e+03 
  516.000  1.697148e+03 
  517.000  1.250552e+03 
  518.000  1.547584e+03 
  519.000  1.466229e+03 
  520.000  1.613724e+03 
  521.000  1.614840e+03 
  522.000  1.678401e+03 
  523.000  1.563377e+03 
  524.000  1.695660e+03 
  525.000  1.680769e+03 
  526.000  1.601556e+03 
  527.000  1.398369e+03 
  528.000  1.679033e+03 
  529.000  1.725860e+03 
  530.000  1.630505e+03 
  531.000  1.775172e+03 
  532.000  1.693543e+03 
  533.000  1.487193e+03 
  534.000  1.616908e+03 
  535.000  1.648734e+03 
  536.000  1.749136e+03 
  537.000  1.622716e+03 
  538.000  1.698070e+03 
  539.000  1.691437e+03 
  540.000  1.655051e+03 
  541.000  1.513255e+03 
  542.000  1.689237e+03 
  543.000  1.617670e+03 
  544.000  1.706213e+03 
  545.000  1.678820e+03 
  546.000  1.639304e+03 
  547.000  1.711405e+03 
  548.000  1.590445e+03 
  549.000  1.673729e+03 
  550.000  1.637806e+03 
  551.000  1.629331e+03 
  552.000  1.700225e+03 
  553.000  1.634752e+03 
  554.000  1.689186e+03 
  555.000  1.694856e+03 
  556.000  1.648244e+03 
  557.000  1.599258e+03 
  558.000  1.660104e+03 
  559.000  1.569142e+03 
  560.000  1.576088e+03 
  561.000  1.732473e+03 
  562.000  1.591130e+03 
  563.000  1.664863e+03 
  564.000  1.641740e+03 
  565.000  1.661903e+03 
  566.000  1.532822e+03 
  567.000  1.645018e+03 
  568.000  1.645167e+03 
  569.000  1.613659e+03 
  570.000  1.620429e+03 
  571.000  1.557900e+03 
  572.000  1.648587e+03 
  573.000  1.666682e+03 
  574.000  1.654143e+03 
  575.000  1.616644e+03 
  576.000  1.586370e+03 
  577.000  1.649779e+03 
  578.000  1.603281e+03 
  579.000  1.591132e+03 
  580.000  1.646172e+03 
  581.000  1.616838e+03 
  582.000  1.642217e+03 
  583.000  1.655769e+03 
  584.000  1.654078e+03 
  585.000  1.643562e+03 
  586.000  1.574198e+03 
  587.000  1.638525e+03 
  588.000  1.632898e+03 
  589.000  1.441570e+03 
  590.000  1.505071e+03 
  591.000  1.596039e+03 
  592.000  1.551904e+03 
  593.000  1.589811e+03 
  594.000  1.587280e+03 
  595.000  1.580180e+03 
  596.000  1.608753e+03 
  597.000  1.618500e+03 
  598.000  1.580028e+03 
  599.000  1.585667e+03 
  600.000  1.585083e+03 
  601.000  1.576777e+03 
  602.000  1.560806e+03 
  603.000  1.569338e+03 
  604.000  1.618828e+03 
  605.000  1.614305e+03 
  606.000  1.596551e+03 
  607.000  1.588455e+03 
  608.000  1.583781e+03 
  609.000  1.567567e+03 
  610.000  1.543212e+03 
  611.000  1.568565e+03 
  612.000  1.549077e+03 
  613.000  1.527055e+03 
  614.000  1.472148e+03 
  615.000  1.543045e+03 
  616.000  1.467993e+03 
  617.000  1.476703e+03 
  618.000  1.546526e+03 
  619.000  1.532942e+03 
  620.000  1.555980e+03 
  621.000  1.582860e+03 
  622.000  1.499290e+03 
  623.000  1.511018e+03 
  624.000  1.512460e+03 
  625.000  1.471459e+03 
  626.000  1.478941e+03 
  627.000  1.508588e+03 
  628.000  1.493796e+03 
  629.000  1.524195e+03 
  630.000  1.476309e+03 
  631.000  1.533874e+03 
  632.000  1.431654e+03 
  633.000  1.531320e+03 
  634.000  1.484104e+03 
  635.000  1.511540e+03 
  636.000  1.457713e+03 
  637.000  1.507356e+03 
  638.000  1.530957e+03 
  639.000  1.519092e+03 
  640.000  1.470722e+03 
  641.000  1.491917e+03 
  642.000  1.475228e+03 
  643.000  1.502179e+03 
  644.000  1.486198e+03 
  645.000  1.500729e+03 
  646.000  1.446985e+03 
  647.000  1.462014e+03 
  648.000  1.453285e+03 
  649.000  1.488822e+03 
  650.000  1.384227e+03 
  651.000  1.493233e+03 
  652.000  1.469353e+03 
  653.000  1.492085e+03 
  654.000  1.473597e+03 
  655.000  1.419650e+03 
  656.000  1.215981e+03 
  657.000  1.298890e+03 
  658.000  1.448802e+03 
  659.000  1.453377e+03 
  660.000  1.462108e+03 
  661.000  1.467475e+03 
  662.000  1.486349e+03 
  663.000  1.469985e+03 
  664.000  1.447186e+03 
  665.000  1.453089e+03 
  666.000  1.470621e+03 
  667.000  1.441866e+03 
  668.000  1.449486e+03 
  669.000  1.470519e+03 
  670.000  1.452914e+03 
  671.000  1.438010e+03 
  672.000  1.432945e+03 
  673.000  1.443609e+03 
  674.000  1.446167e+03 
  675.000  1.424499e+03 
  676.000  1.451090e+03 
  677.000  1.422287e+03 
  678.000  1.446204e+03 
  679.000  1.425812e+03 
  680.000  1.415768e+03 
  681.000  1.417641e+03 
  682.000  1.415790e+03 
  683.000  1.424680e+03 
  684.000  1.400402e+03 
  685.000  1.416526e+03 
  686.000  1.359292e+03 
  687.000  9.674774e+02 
  688.000  1.224249e+03 
  689.000  1.280252e+03 
  690.000  1.314311e+03 
  691.000  1.329986e+03 
  692.000  1.347918e+03 
  693.000  1.325232e+03 
  694.000  1.304405e+03 
  695.000  1.319655e+03 
  696.000  1.327103e+03 
  697.000  1.376149e+03 
  698.000  1.350593e+03 
  699.000  1.355351e+03 
  700.000  1.340398e+03 
  701.000  1.295005e+03 
  702.000  1.292986e+03 
  703.000  1.315167e+03 
  704.000  1.324307e+03 
  705.000  1.337211e+03 
  706.000  1.332953e+03 
  707.000  1.318141e+03 
  708.000  1.359478e+03 
  709.000  1.311451e+03 
  710.000  1.341003e+03 
  711.000  1.331956e+03 
  712.000  1.310262e+03 
  713.000  1.308374e+03 
  714.000  1.328947e+03 
  715.000  1.267922e+03 
  716.000  1.307027e+03 
  717.000  1.217306e+03 
  718.000  1.087016e+03 
  719.000  1.005578e+03 
  720.000  1.102791e+03 
  721.000  1.234349e+03 
  722.000  1.251424e+03 
  723.000  1.236186e+03 
  724.000  1.102738e+03 
  725.000  1.122550e+03 
  726.000  1.192281e+03 
  727.000  1.178383e+03 
  728.000  1.094878e+03 
  729.000  1.080879e+03 
  730.000  1.192047e+03 
  731.000  1.137418e+03 
  732.000  1.171881e+03 
  733.000  1.208895e+03 
  734.000  1.269394e+03 
  735.000  1.235314e+03 
  736.000  1.231133e+03 
  737.000  1.245965e+03 
  738.000  1.250035e+03 
  739.000  1.209484e+03 
  740.000  1.231518e+03 
  741.000  1.226984e+03 
  742.000  1.208213e+03 
  743.000  1.243069e+03 
  744.000  1.256124e+03 
  745.000  1.225193e+03 
  746.000  1.243120e+03 
  747.000  1.262228e+03 
  748.000  1.239077e+03 
  749.000  1.239371e+03 
  750.000  1.221597e+03 
  751.000  1.218370e+03 
  752.000  1.237649e+03 
  753.000  1.226000e+03 
  754.000  1.245176e+03 
  755.000  1.238050e+03 
  756.000  1.213785e+03 
  757.000  1.223182e+03 
  758.000  1.223043e+03 
  759.000  1.187168e+03 
  760.000  3.913814e+02 
  761.000  2.942180e+02 
  762.000  7.738713e+02 
  763.000  6.643540e+02 
  764.000  7.342910e+02 
  765.000  9.044944e+02 
  766.000  9.959047e+02 
  767.000  1.059345e+03 
  768.000  1.167931e+03 
  769.000  1.178576e+03 
  770.000  1.169021e+03 
  771.000  1.177930e+03 
  772.000  1.176374e+03 
  773.000  1.171408e+03 
  774.000  1.183391e+03 
  775.000  1.138822e+03 
  776.000  1.185732e+03 
  777.000  1.177765e+03 
  778.000  1.171675e+03 
  779.000  1.175700e+03 
  780.000  1.161346e+03 
  781.000  1.159541e+03 
  782.000  1.173666e+03 
  783.000  1.146616e+03 
  784.000  1.152448e+03 
  785.000  1.155774e+03 
  786.000  1.134057e+03 
  787.000  1.150418e+03 
  788.000  1.127466e+03 
  789.000  1.139123e+03 
  790.000  1.113870e+03 
  791.000  1.110949e+03 
  792.000  1.097109e+03 
  793.000  1.098757e+03 
  794.000  1.098770e+03 
  795.000  1.088399e+03 
  796.000  1.080453e+03 
  797.000  1.108485e+03 
  798.000  1.109459e+03 
  799.000  1.113642e+03 
  800.000  1.074468e+03 
  801.000  1.087829e+03 
  802.000  1.093820e+03 
  803.000  1.076668e+03 
  804.000  1.085052e+03 
  805.000  1.057543e+03 
  806.000  1.097192e+03 
  807.000  1.084303e+03 
  808.000  1.085073e+03 
  809.000  1.057382e+03 
  810.000  1.047307e+03 
  811.000  1.063753e+03 
  812.000  1.048928e+03 
  813.000  1.018442e+03 
  814.000  9.800112e+02 
  815.000  9.295346e+02 
  816.000  9.583839e+02 
  817.000  8.167663e+02 
  818.000  9.235958e+02 
  819.000  9.240175e+02 
  820.000  8.692414e+02 
  821.000  1.022025e+03 
  822.000  9.731367e+02 
  823.000  7.597449e+02 
  824.000  9.736805e+02 
  825.000  1.004813e+03 
  826.000  9.760839e+02 
  827.000  1.008053e+03 
  828.000  9.181741e+02 
  829.000  9.845352e+02 
  830.000  9.565850e+02 
  831.000  9.476255e+02 
  832.000  9.516694e+02 
  833.000  9.606061e+02 
  834.000  9.713965e+02 
  835.000  9.879866e+02 
  836.000  9.990262e+02 
  837.000  9.917525e+02 
  838.000  1.005355e+03 
  839.000  9.804482e+02 
  840.000  1.006553e+03 
  841.000  1.010382e+03 
  842.000  9.942095e+02 
  843.000  1.002760e+03 
  844.000  9.758682e+02 
  845.000  9.972812e+02 
  846.000  1.007609e+03 
  847.000  9.739472e+02 
  848.000  1.001450e+03 
  849.000  1.004270e+03 
  850.000  8.682745e+02 
  851.000  9.934642e+02 
  852.000  9.587240e+02 
  853.000  9.699355e+02 
  854.000  7.791213e+02 
  855.000  8.570377e+02 
  856.000  9.718543e+02 
  857.000  9.886360e+02 
  858.000  9.706279e+02 
  859.000  9.706841e+02 
  860.000  9.628004e+02 
  861.000  9.621190e+02 
  862.000  9.592899e+02 
  863.000  9.773993e+02 
  864.000  9.758231e+02 
  865.000  9.574976e+02 
  866.000  8.031316e+02 
  867.000  8.554333e+02 
  868.000  9.276880e+02 
  869.000  9.147528e+02 
  870.000  9.525407e+02 
  871.000  9.513640e+02 
  872.000  9.475363e+02 
  873.000  9.513632e+02 
  874.000  9.305995e+02 
  875.000  9.224093e+02 
  876.000  9.303764e+02 
  877.000  9.489475e+02 
  878.000  9.331415e+02 
  879.000  9.353224e+02 
  880.000  9.310057e+02 
  881.000  8.829374e+02 
  882.000  9.308032e+02 
  883.000  9.097660e+02 
  884.000  9.173983e+02 
  885.000  9.282321e+02 
  886.000  8.932845e+02 
  887.000  8.884527e+02 
  888.000  9.151415e+02 
  889.000  9.191447e+02 
  890.000  9.145435e+02 
  891.000  9.149708e+02 
  892.000  9.088849e+02 
  893.000  8.612917e+02 
  894.000  8.929139e+02 
  895.000  8.283273e+02 
  896.000  8.306633e+02 
  897.000  7.112223e+02 
  898.000  8.046824e+02 
  899.000  6.449600e+02 
  900.000  6.287001e+02 
  901.000  6.514034e+02 
  902.000  6.730509e+02 
  903.000  7.514044e+02 
  904.000  8.524821e+02 
  905.000  8.388674e+02 
  906.000  8.173938e+02 
  907.000  7.216140e+02 
  908.000  6.856841e+02 
  909.000  6.793723e+02 
  910.000  6.611103e+02 
  911.000  6.588123e+02 
  912.000  7.588064e+02 
  913.000  7.256580e+02 
  914.000  6.949647e+02 
  915.000  6.387963e+02 
  916.000  6.465304e+02 
  917.000  7.533508e+02 
  918.000  6.455253e+02 
  919.000  7.337682e+02 
  920.000  8.052214e+02 
  921.000  7.877964e+02 
  922.000  7.584106e+02 
  923.000  7.296602e+02 
  924.000  7.311553e+02 
  925.000  7.409404e+02 
  926.000  7.296877e+02 
  927.000  7.635544e+02 
  928.000  6.467391e+02 
  929.000  6.045889e+02 
  930.000  6.045658e+02 
  931.000  4.808900e+02 
  932.000  3.194897e+02 
  933.000  3.220314e+02 
  934.000  3.206296e+02 
  935.000  3.085839e+02 
  936.000  2.837230e+02 
  937.000  2.612427e+02 
  938.000  2.572934e+02 
  939.000  3.859994e+02 
  940.000  5.124811e+02 
  941.000  4.538253e+02 
  942.000  4.377362e+02 
  943.000  3.758974e+02 
  944.000  3.690741e+02 
  945.000  4.394320e+02 
  946.000  4.453557e+02 
  947.000  3.774533e+02 
  948.000  4.014872e+02 
  949.000  4.515064e+02 
  950.000  4.484286e+02 
  951.000  4.770179e+02 
  952.000  3.544269e+02 
  953.000  4.861349e+02 
  954.000  4.806699e+02 
  955.000  4.442781e+02 
  956.000  3.791200e+02 
  957.000  5.268442e+02 
  958.000  5.306690e+02 
  959.000  4.273123e+02 
  960.000  4.992046e+02 
  961.000  4.940306e+02 
  962.000  5.352401e+02 
  963.000  5.853242e+02 
  964.000  4.957256e+02 
  965.000  5.018921e+02 
  966.000  5.492524e+02 
  967.000  6.505117e+02 
  968.000  6.419387e+02 
  969.000  6.665134e+02 
  970.000  6.997241e+02 
  971.000  7.093917e+02 
  972.000  7.145917e+02 
  973.000  6.886572e+02 
  974.000  6.079993e+02 
  975.000  6.113458e+02 
  976.000  6.044006e+02 
  977.000  6.605585e+02 
  978.000  6.630990e+02 
  979.000  6.436901e+02 
  980.000  6.543369e+02 
  981.000  7.245537e+02 
  982.000  7.231479e+02 
  983.000  6.996667e+02 
  984.000  7.147583e+02 
  985.000  7.142186e+02 
  986.000  7.305160e+02 
  987.000  7.308097e+02 
  988.000  7.217689e+02 
  989.000  7.259058e+02 
  990.000  7.260145e+02 
  991.000  7.318044e+02 
  992.000  7.301547e+02 
  993.000  7.287699e+02 
  994.000  7.323257e+02 
  995.000  7.328705e+02 
  996.000  7.328978e+02 
  997.000  7.337631e+02 
  998.000  7.313047e+02 
  999.000  7.288889e+02 
 1000.000  7.230516e+02 
 1001.000  7.274417e+02 
 1002.000  7.199685e+02 
 1003.000  7.114671e+02 
 1004.000  7.122683e+02 
 1005.000  6.656385e+02 
 1006.000  7.005450e+02 
 1007.000  7.136666e+02 
 1008.000  7.153469e+02 
 1009.000  7.115259e+02 
 1010.000  7.094432e+02 
 1011.000  7.112092e+02 
 1012.000  7.112403e+02 
 1013.000  7.060946e+02 
 1014.000  7.104180e+02 
 1015.000  6.972853e+02 
 1016.000  7.020646e+02 
 1017.000  6.944521e+02 
 1018.000  7.036469e+02 
 1019.000  6.874919e+02 
 1020.000  6.871273e+02 
 1021.000  6.937133e+02 
 1022.000  6.826341e+02 
 1023.000  6.961075e+02 
 1024.000  6.923075e+02 
 1025.000  6.929031e+02 
 1026.000  6.934089e+02 
 1027.000  6.887092e+02 
 1028.000  6.910167e+02 
 1029.000  6.801438e+02 
 1030.000  6.869600e+02 
 1031.000  6.846245e+02 
 1032.000  6.821014e+02 
 1033.000  6.695511e+02 
 1034.000  6.765468e+02 
 1035.000  6.695447e+02 
 1036.000  6.780414e+02 
 1037.000  6.637881e+02 
 1038.000  6.702659e+02 
 1039.000  6.727746e+02 
 1040.000  6.649271e+02 
 1041.000  6.683134e+02 
 1042.000  6.703083e+02 
 1043.000  6.584608e+02 
 1044.000  6.646224e+02 
 1045.000  6.620309e+02 
 1046.000  6.423223e+02 
 1047.000  6.543167e+02 
 1048.000  6.605166e+02 
 1049.000  6.553724e+02 
 1050.000  6.517037e+02 
 1051.000  6.514892e+02 
 1052.000  6.486794e+02 
 1053.000  6.481721e+02 
 1054.000  6.411309e+02 
 1055.000  6.461838e+02 
 1056.000  6.439440e+02 
 1057.000  6.435458e+02 
 1058.000  6.373011e+02 
 1059.000  6.165433e+02 
 1060.000  6.382013e+02 
 1061.000  6.155648e+02 
 1062.000  6.334602e+02 
 1063.000  6.221180e+02 
 1064.000  6.302365e+02 
 1065.000  6.300547e+02 
 1066.000  6.117182e+02 
 1067.000  6.266536e+02 
 1068.000  6.245925e+02 
 1069.000  5.774738e+02 
 1070.000  6.114659e+02 
 1071.000  6.146559e+02 
 1072.000  6.171897e+02 
 1073.000  5.978192e+02 
 1074.000  6.186445e+02 
 1075.000  5.941878e+02 
 1076.000  6.072526e+02 
 1077.000  6.066540e+02 
 1078.000  6.143900e+02 
 1079.000  5.906349e+02 
 1080.000  6.051942e+02 
 1081.000  5.830942e+02 
 1082.000  5.929628e+02 
 1083.000  5.733055e+02 
 1084.000  5.964404e+02 
 1085.000  5.864077e+02 
 1086.000  5.933400e+02 
 1087.000  5.621987e+02 
 1088.000  5.962156e+02 
 1089.000  5.732137e+02 
 1090.000  5.848124e+02 
 1091.000  5.878593e+02 
 1092.000  5.656494e+02 
 1093.000  5.625783e+02 
 1094.000  5.150664e+02 
 1095.000  5.572197e+02 
 1096.000  5.515427e+02 
 1097.000  5.448428e+02 
 1098.000  5.345544e+02 
 1099.000  5.116282e+02 
 1100.000  5.200220e+02 
 1101.000  5.208988e+02 
 1102.000  4.995038e+02 
 1103.000  5.063404e+02 
 1104.000  5.032607e+02 
 1105.000  4.924576e+02 
 1106.000  4.897840e+02 
 1107.000  4.884108e+02 
 1108.000  4.865260e+02 
 1109.000  4.593764e+02 
 1110.000  4.279026e+02 
 1111.000  4.228682e+02 
 1112.000  4.068560e+02 
 1113.000  4.062866e+02 
 1114.000  3.466180e+02 
 1115.000  3.440878e+02 
 1116.000  2.072371e+02 
 1117.000  2.105282e+02 
 1118.000  2.657816e+02 
 1119.000  2.590322e+02 
 1120.000  2.221647e+02 
 1121.000  2.237467e+02 
 1122.000  1.248951e+02 
 1123.000  2.489948e+02 
 1124.000  2.489822e+02 
 1125.000  1.435599e+02 
 1126.000  1.408706e+02 
 1127.000  1.792444e+02 
 1128.000  1.758646e+02 
 1129.000  1.691324e+02 
 1130.000  1.679058e+02 
 1131.000  3.396727e+02 
 1132.000  3.414507e+02 
 1133.000  1.626015e+02 
 1134.000  1.633093e+02 
 1135.000  9.846135e+01 
 1136.000  9.736136e+01 
 1137.000  3.375453e+02 
 1138.000  3.243649e+02 
 1139.000  3.110772e+02 
 1140.000  3.121860e+02 
 1141.000  2.879987e+02 
 1142.000  2.959959e+02 
 1143.000  3.100883e+02 
 1144.000  3.087263e+02 
 1145.000  1.875773e+02 
 1146.000  1.893355e+02 
 1147.000  1.820714e+02 
 1148.000  1.799256e+02 
 1149.000  2.563896e+02 
 1150.000  2.552855e+02 
 1151.000  2.995850e+02 
 1152.000  2.988472e+02 
 1153.000  2.750332e+02 
 1154.000  2.765545e+02 
 1155.000  3.027910e+02 
 1156.000  2.980948e+02 
 1157.000  3.521790e+02 
 1158.000  3.518177e+02 
 1159.000  4.018515e+02 
 1160.000  3.965255e+02 
 1161.000  3.762823e+02 
 1162.000  3.896050e+02 
 1163.000  4.319249e+02 
 1164.000  4.230557e+02 
 1165.000  4.199345e+02 
 1166.000  4.089400e+02 
 1167.000  4.447406e+02 
 1168.000  4.486563e+02 
 1169.000  4.465506e+02 
 1170.000  4.585223e+02 
 1171.000  4.641684e+02 
 1172.000  4.627674e+02 
 1173.000  4.148150e+02 
 1174.000  4.150083e+02 
 1175.000  4.809372e+02 
 1176.000  4.691125e+02 
 1177.000  4.380981e+02 
 1178.000  4.308823e+02 
 1179.000  4.634636e+02 
 1180.000  4.699907e+02 
 1181.000  4.065235e+02 
 1182.000  4.072603e+02 
 1183.000  4.258645e+02 
 1184.000  4.450162e+02 
 1185.000  4.645166e+02 
 1186.000  4.618191e+02 
 1187.000  4.171940e+02 
 1188.000  4.151042e+02 
 1189.000  3.906755e+02 
 1190.000  4.443484e+02 
 1191.000  4.511534e+02 
 1192.000  4.756053e+02 
 1193.000  4.758323e+02 
 1194.000  4.543333e+02 
 1195.000  4.494321e+02 
 1196.000  4.576909e+02 
 1197.000  4.576872e+02 
 1198.000  4.233239e+02 
 1199.000  4.077314e+02 
 1200.000  4.331322e+02 
 1201.000  4.362422e+02 
 1202.000  4.310201e+02 
 1203.000  4.104782e+02 
 1204.000  4.175466e+02 
 1205.000  4.663995e+02 
 1206.000  4.632493e+02 
 1207.000  4.437681e+02 
 1208.000  4.372052e+02 
 1209.000  4.155793e+02 
 1210.000  4.445108e+02 
 1211.000  4.226538e+02 
 1212.000  4.357435e+02 
 1213.000  4.466584e+02 
 1214.000  4.447174e+02 
 1215.000  4.461803e+02 
 1216.000  4.580590e+02 
 1217.000  4.572872e+02 
 1218.000  4.571742e+02 
 1219.000  4.531451e+02 
 1220.000  4.612307e+02 
 1221.000  4.601173e+02 
 1222.000  4.483761e+02 
 1223.000  4.461356e+02 
 1224.000  4.608436e+02 
 1225.000  4.581176e+02 
 1226.000  4.595594e+02 
 1227.000  4.429310e+02 
 1228.000  4.563901e+02 
 1229.000  4.594705e+02 
 1230.000  4.575402e+02 
 1231.000  4.600573e+02 
 1232.000  4.548253e+02 
 1233.000  4.584297e+02 
 1234.000  4.573777e+02 
 1235.000  4.540664e+02 
 1236.000  4.590102e+02 
 1237.000  4.588651e+02 
 1238.000  4.590206e+02 
 1239.000  4.537849e+02 
 1240.000  4.517377e+02 
 1241.000  4.559148e+02 
 1242.000  4.534366e+02 
 1243.000  4.489462e+02 
 1244.000  4.451459e+02 
 1245.000  4.529657e+02 
 1246.000  4.496893e+02 
 1247.000  4.474834e+02 
 1248.000  4.513456e+02 
 1249.000  4.499173e+02 
 1250.000  4.485317e+02 
 1251.000  4.458034e+02 
 1252.000  4.447551e+02 
 1253.000  4.414183e+02 
 1254.000  4.424702e+02 
 1255.000  4.422381e+02 
 1256.000  4.418321e+02 
 1257.000  4.376962e+02 
 1258.000  4.410002e+02 
 1259.000  4.312970e+02 
 1260.000  4.330793e+02 
 1261.000  4.335466e+02 
 1262.000  4.164441e+02 
 1263.000  4.222730e+02 
 1264.000  4.154419e+02 
 1265.000  4.163227e+02 
 1266.000  4.228845e+02 
 1267.000  4.159095e+02 
 1268.000  4.131019e+02 
 1269.000  3.500351e+02 
 1270.000  3.508882e+02 
 1271.000  4.175803e+02 
 1272.000  4.152604e+02 
 1273.000  4.142502e+02 
 1274.000  4.184702e+02 
 1275.000  4.204102e+02 
 1276.000  4.196884e+02 
 1277.000  4.188942e+02 
 1278.000  4.196262e+02 
 1279.000  4.164874e+02 
 1280.000  4.137324e+02 
 1281.000  4.042482e+02 
 1282.000  3.587720e+02 
 1283.000  3.939952e+02 
 1284.000  4.101437e+02 
 1285.000  4.130145e+02 
 1286.000  4.135567e+02 
 1287.000  4.160594e+02 
 1288.000  4.059658e+02 
 1289.000  4.083981e+02 
 1290.000  3.990099e+02 
 1291.000  4.052766e+02 
 1292.000  4.068569e+02 
 1293.000  4.096102e+02 
 1294.000  4.031483e+02 
 1295.000  4.075948e+02 
 1296.000  3.913690e+02 
 1297.000  3.890152e+02 
 1298.000  3.966598e+02 
 1299.000  4.005924e+02 
 1300.000  3.990014e+02 
 1301.000  3.742005e+02 
 1302.000  3.694459e+02 
 1303.000  3.600838e+02 
 1304.000  3.604119e+02 
 1305.000  3.626384e+02 
 1306.000  3.578328e+02 
 1307.000  3.568130e+02 
 1308.000  3.567796e+02 
 1309.000  3.354751e+02 
 1310.000  3.341085e+02 
 1311.000  3.498724e+02 
 1312.000  3.491100e+02 
 1313.000  3.354813e+02 
 1314.000  3.043759e+02 
 1315.000  2.940237e+02 
 1316.000  3.361982e+02 
 1317.000  3.397532e+02 
 1318.000  3.352743e+02 
 1319.000  2.998891e+02 
 1320.000  2.981158e+02 
 1321.000  2.969582e+02 
 1322.000  2.942263e+02 
 1323.000  2.945022e+02 
 1324.000  3.151402e+02 
 1325.000  3.141773e+02 
 1326.000  3.130048e+02 
 1327.000  2.569494e+02 
 1328.000  2.583020e+02 
 1329.000  2.157937e+02 
 1330.000  2.195985e+02 
 1331.000  2.209339e+02 
 1332.000  1.807898e+02 
 1333.000  1.853200e+02 
 1334.000  1.851921e+02 
 1335.000  2.658541e+02 
 1336.000  2.628566e+02 
 1337.000  2.071845e+02 
 1338.000  2.068587e+02 
 1339.000  2.044342e+02 
 1340.000  2.076540e+02 
 1341.000  2.106670e+02 
 1342.000  2.101259e+02 
 1343.000  1.589608e+02 
 1344.000  1.586140e+02 
 1345.000  1.256730e+02 
 1346.000  1.243509e+02 
 1347.000  1.253564e+02 
 1348.000  4.017329e+01 
 1349.000  4.007761e+01 
 1350.000  3.959260e+01 
 1351.000  1.102383e+01 
 1352.000  1.115632e+01 
 1353.000  1.110363e+01 
 1354.000  1.389443e+00 
 1355.000  1.375831e+00 
 1356.000  6.900357e-01 
 1357.000  6.825158e-01 
 1358.000  6.940120e-01 
 1359.000  4.982341e-02 
 1360.000  4.891491e-02 
 1361.000  4.993667e-02 
 1362.000  1.236226e-01 
 1363.000  1.212292e-01 
 1364.000  1.228797e-01 
 1365.000  1.142518e-01 
 1366.000  1.142256e-01 
 1367.000  1.132338e-01 
 1368.000  1.566568e-02 
 1369.000  1.535060e-02 
 1370.000  1.186347e-02 
 1371.000  1.187902e-02 
 1372.000  1.202599e-02 
 1373.000  9.323719e-01 
 1374.000  9.350246e-01 
 1375.000  9.183562e-01 
 1376.000  3.089746e+00 
 1377.000  3.137638e+00 
 1378.000  3.121417e+00 
 1379.000  4.123296e-01 
 1380.000  4.079141e-01 
 1381.000  4.094272e-01 
 1382.000  1.869261e-02 
 1383.000  1.888399e-02 
 1384.000  1.885840e-02 
 1385.000  3.000649e-01 
 1386.000  3.032750e-01 
 1387.000  2.427370e+00 
 1388.000  2.445804e+00 
 1389.000  2.452271e+00 
 1390.000  3.318291e+00 
 1391.000  3.365928e+00 
 1392.000  3.357317e+00 
 1393.000  9.424342e-01 
 1394.000  9.330139e-01 
 1395.000  9.322958e-01 
 1396.000  4.060350e+00 
 1397.000  4.058167e+00 
 1398.000  4.055451e+00 
 1399.000  2.053074e+00 
 1400.000  1.997298e+00 
 1401.000  2.003980e+00 
 1402.000  7.851646e+00 
 1403.000  7.791878e+00 
 1404.000  7.753506e+00 
 1405.000  4.496136e+00 
 1406.000  4.506316e+00 
 1407.000  4.513902e+00 
 1408.000  5.516502e+00 
 1409.000  5.544425e+00 
 1410.000  5.512422e+00 
 1411.000  2.692476e+01 
 1412.000  2.586455e+01 
 1413.000  2.630817e+01 
 1414.000  1.779286e+01 
 1415.000  1.772219e+01 
 1416.000  1.762459e+01 
 1417.000  2.351966e+01 
 1418.000  2.351962e+01 
 1419.000  2.319146e+01 
 1420.000  3.985474e+01 
 1421.000  4.034345e+01 
 1422.000  3.935155e+01 
 1423.000  3.893484e+01 
 1424.000  3.898005e+01 
 1425.000  3.981051e+01 
 1426.000  4.078762e+01 
 1427.000  4.136997e+01 
 1428.000  4.227271e+01 
 1429.000  7.730870e+01 
 1430.000  7.616785e+01 
 1431.000  7.697043e+01 
 1432.000  3.587775e+01 
 1433.000  3.587935e+01 
 1434.000  3.510997e+01 
 1435.000  5.400786e+01 
 1436.000  5.394492e+01 
 1437.000  5.415192e+01 
 1438.000  6.919003e+01 
 1439.000  6.984489e+01 
 1440.000  6.526023e+01 
 1441.000  6.790030e+01 
 1442.000  6.622804e+01 
 1443.000  6.732716e+01 
 1444.000  6.747977e+01 
 1445.000  5.034377e+01 
 1446.000  5.073188e+01 
 1447.000  5.035357e+01 
 1448.000  1.087358e+02 
 1449.000  1.086702e+02 
 1450.000  1.080681e+02 
 1451.000  6.632507e+01 
 1452.000  6.530956e+01 
 1453.000  6.622649e+01 
 1454.000  1.363310e+02 
 1455.000  1.342303e+02 
 1456.000  1.338715e+02 
 1457.000  1.684034e+02 
 1458.000  1.706624e+02 
 1459.000  1.715656e+02 
 1460.000  1.183787e+02 
 1461.000  1.182248e+02 
 1462.000  1.171919e+02 
 1463.000  1.163910e+02 
 1464.000  1.255146e+02 
 1465.000  1.271885e+02 
 1466.000  1.244436e+02 
 1467.000  9.490359e+01 
 1468.000  9.276379e+01 
 1469.000  9.412340e+01 
 1470.000  5.111195e+01 
 1471.000  5.014129e+01 
 1472.000  5.022794e+01 
 1473.000  1.438582e+02 
 1474.000  1.393333e+02 
 1475.000  1.423243e+02 
 1476.000  1.425445e+02 
 1477.000  1.190665e+02 
 1478.000  1.175066e+02 
 1479.000  1.190351e+02 
 1480.000  1.033217e+02 
 1481.000  1.015651e+02 
 1482.000  1.026948e+02 
 1483.000  1.606913e+02 
 1484.000  1.622137e+02 
 1485.000  1.653126e+02 
 1486.000  1.363884e+02 
 1487.000  1.361371e+02 
 1488.000  1.190139e+02 
 1489.000  1.361968e+02 
 1490.000  1.976429e+02 
 1491.000  1.993836e+02 
 1492.000  1.947065e+02 
 1493.000  2.069969e+02 
 1494.000  2.061995e+02 
 1495.000  2.046423e+02 
 1496.000  2.239035e+02 
 1497.000  2.291643e+02 
 1498.000  2.312251e+02 
 1499.000  2.270501e+02 
 1500.000  2.626527e+02 
 1501.000  2.622952e+02 
 1502.000  2.603749e+02 
 1503.000  1.912343e+02 
 1504.000  1.991983e+02 
 1505.000  1.984202e+02 
 1506.000  2.010913e+02 
 1507.000  2.463185e+02 
 1508.000  2.423648e+02 
 1509.000  2.433411e+02 
 1510.000  2.709002e+02 
 1511.000  2.720659e+02 
 1512.000  2.669373e+02 
 1513.000  2.561566e+02 
 1514.000  2.526568e+02 
 1515.000  2.575585e+02 
 1516.000  2.551599e+02 
 1517.000  2.529460e+02 
 1518.000  2.575316e+02 
 1519.000  2.536192e+02 
 1520.000  2.783272e+02 
 1521.000  2.729703e+02 
 1522.000  2.713668e+02 
 1523.000  2.779770e+02 
 1524.000  2.730039e+02 
 1525.000  2.670112e+02 
 1526.000  2.745967e+02 
 1527.000  2.733951e+02 
 1528.000  2.751280e+02 
 1529.000  2.742398e+02 
 1530.000  2.566570e+02 
 1531.000  2.762527e+02 
 1532.000  2.746547e+02 
 1533.000  2.733796e+02 
 1534.000  2.689541e+02 
 1535.000  2.695531e+02 
 1536.000  2.731576e+02 
 1537.000  2.736662e+02 
 1538.000  2.687963e+02 
 1539.000  2.742636e+02 
 1540.000  2.641931e+02 
 1541.000  2.687613e+02 
 1542.000  2.703598e+02 
 1543.000  2.692128e+02 
 1544.000  2.720841e+02 
 1545.000  2.743478e+02 
 1546.000  2.739623e+02 
 1547.000  2.708475e+02 
 1548.000  2.634244e+02 
 1549.000  2.701743e+02 
 1550.000  2.686405e+02 
 1551.000  2.672186e+02 
 1552.000  2.715284e+02 
 1553.000  2.700757e+02 
 1554.000  2.601150e+02 
 1555.000  2.642598e+02 
 1556.000  2.601391e+02 
 1557.000  2.685632e+02 
 1558.000  2.665529e+02 
 1559.000  2.663231e+02 
 1560.000  2.617210e+02 
 1561.000  2.679637e+02 
 1562.000  2.681224e+02 
 1563.000  2.637582e+02 
 1564.000  2.590266e+02 
 1565.000  2.639221e+02 
 1566.000  2.589205e+02 
 1567.000  2.583528e+02 
 1568.000  2.549803e+02 
 1569.000  2.581951e+02 
 1570.000  2.402885e+02 
 1571.000  2.467277e+02 
 1572.000  2.472194e+02 
 1573.000  2.428834e+02 
 1574.000  2.519647e+02 
 1575.000  2.334334e+02 
 1576.000  2.507846e+02 
 1577.000  2.262554e+02 
 1578.000  2.433093e+02 
 1579.000  2.440735e+02 
 1580.000  2.479357e+02 
 1581.000  2.462931e+02 
 1582.000  2.468691e+02 
 1583.000  2.487012e+02 
 1584.000  2.454515e+02 
 1585.000  2.547996e+02 
 1586.000  2.516002e+02 
 1587.000  2.483103e+02 
 1588.000  2.441568e+02 
 1589.000  2.238907e+02 
 1590.000  2.411967e+02 
 1591.000  2.358074e+02 
 1592.000  2.483754e+02 
 1593.000  2.535033e+02 
 1594.000  2.518654e+02 
 1595.000  2.538912e+02 
 1596.000  2.378303e+02 
 1597.000  2.457911e+02 
 1598.000  2.512502e+02 
 1599.000  2.437692e+02 
 1600.000  2.485644e+02 
 1601.000  2.299734e+02 
 1602.000  2.361007e+02 
 1603.000  2.341636e+02 
 1604.000  2.426389e+02 
 1605.000  2.390506e+02 
 1606.000  2.379455e+02 
 1607.000  2.390110e+02 
 1608.000  2.371776e+02 
 1609.000  2.362659e+02 
 1610.000  2.213992e+02 
 1611.000  2.273959e+02 
 1612.000  2.351308e+02 
 1613.000  2.396702e+02 
 1614.000  2.373176e+02 
 1615.000  2.406595e+02 
 1616.000  2.268660e+02 
 1617.000  2.331608e+02 
 1618.000  2.404248e+02 
 1619.000  2.393488e+02 
 1620.000  2.343040e+02 
 1621.000  2.306615e+02 
 1622.000  2.364670e+02 
 1623.000  2.411048e+02 
 1624.000  2.423779e+02 
 1625.000  2.362637e+02 
 1626.000  2.391731e+02 
 1627.000  2.388694e+02 
 1628.000  2.401021e+02 
 1629.000  2.400726e+02 
 1630.000  2.335558e+02 
 1631.000  2.372079e+02 
 1632.000  2.371038e+02 
 1633.000  2.340961e+02 
 1634.000  2.287165e+02 
 1635.000  2.348484e+02 
 1636.000  2.344098e+02 
 1637.000  2.241751e+02 
 1638.000  2.225397e+02 
 1639.000  2.205240e+02 
 1640.000  2.172007e+02 
 1641.000  2.159141e+02 
 1642.000  2.156427e+02 
 1643.000  2.211695e+02 
 1644.000  2.215363e+02 
 1645.000  2.219892e+02 
 1646.000  2.246560e+02 
 1647.000  2.267633e+02 
 1648.000  2.247852e+02 
 1649.000  2.196267e+02 
 1650.000  2.251941e+02 
 1651.000  2.200469e+02 
 1652.000  2.257299e+02 
 1653.000  2.230580e+02 
 1654.000  2.255596e+02 
 1655.000  2.209148e+02 
 1656.000  2.252683e+02 
 1657.000  2.236317e+02 
 1658.000  2.247519e+02 
 1659.000  2.205691e+02 
 1660.000  2.232719e+02 
 1661.000  2.241355e+02 
 1662.000  2.227517e+02 
 1663.000  2.214887e+02 
 1664.000  2.149322e+02 
 1665.000  2.127487e+02 
 1666.000  2.117134e+02 
 1667.000  2.132265e+02 
 1668.000  2.096147e+02 
 1669.000  2.157322e+02 
 1670.000  2.200940e+02 
 1671.000  2.185144e+02 
 1672.000  2.081741e+02 
 1673.000  2.147461e+02 
 1674.000  2.157607e+02 
 1675.000  2.137554e+02 
 1676.000  2.103835e+02 
 1677.000  2.112026e+02 
 1678.000  2.122673e+02 
 1679.000  2.093649e+02 
 1680.000  2.020446e+02 
 1681.000  1.946407e+02 
 1682.000  2.002584e+02 
 1683.000  2.052757e+02 
 1684.000  2.091023e+02 
 1685.000  2.104428e+02 
 1686.000  2.079158e+02 
 1687.000  2.090747e+02 
 1688.000  2.094633e+02 
 1689.000  2.069465e+02 
 1690.000  2.036838e+02 
 1691.000  2.063278e+02 
 1692.000  2.067091e+02 
 1693.000  2.059187e+02 
 1694.000  2.032762e+02 
 1695.000  2.034965e+02 
 1696.000  2.023023e+02 
 1697.000  2.011405e+02 
 1698.000  2.049835e+02 
 1699.000  2.036655e+02 
 1700.000  2.010260e+02 
 1701.000  2.011413e+02 
 1702.000  2.004774e+02 
 1703.000  1.967850e+02 
 1704.000  2.008065e+02 
 1705.000  2.017171e+02 
 1706.000  1.996777e+02 
 1707.000  1.936821e+02 
 1708.000  1.882173e+02 
 1709.000  1.916579e+02 
 1710.000  1.937052e+02 
 1711.000  1.819767e+02 
 1712.000  1.946716e+02 
 1713.000  1.958969e+02 
 1714.000  1.958001e+02 
 1715.000  1.959395e+02 
 1716.000  1.992836e+02 
 1717.000  1.972756e+02 
 1718.000  1.962363e+02 
 1719.000  1.984281e+02 
 1720.000  1.811324e+02 
 1721.000  1.784869e+02 
 1722.000  1.823287e+02 
 1723.000  1.740222e+02 
 1724.000  1.766582e+02 
 1725.000  1.823160e+02 
 1726.000  1.836366e+02 
 1727.000  1.827628e+02 
 1728.000  1.788296e+02 
 1729.000  1.754290e+02 
 1730.000  1.757872e+02 
 1731.000  1.741586e+02 
 1732.000  1.728529e+02 
 1733.000  1.618601e+02 
 1734.000  1.687997e+02 
 1735.000  1.709661e+02 
 1736.000  1.626934e+02 
 1737.000  1.607432e+02 
 1738.000  1.668344e+02 
 1739.000  1.694595e+02 
 1740.000  1.705957e+02 
 1741.000  1.668260e+02 
 1742.000  1.720871e+02 
 1743.000  1.724673e+02 
 1744.000  1.752812e+02 
 1745.000  1.701901e+02 
 1746.000  1.720498e+02 
 1747.000  1.595343e+02 
 1748.000  1.654754e+02 
 1749.000  1.637353e+02 
 1750.000  1.635983e+02 
 1751.000  1.609559e+02 
 1752.000  1.618030e+02 
 1753.000  1.627685e+02 
 1754.000  1.628229e+02 
 1755.000  1.610529e+02 
 1756.000  1.635780e+02 
 1757.000  1.636956e+02 
 1758.000  1.619505e+02 
 1759.000  1.626162e+02 
 1760.000  1.621088e+02 
 1761.000  1.549559e+02 
 1762.000  1.511113e+02 
 1763.000  1.539328e+02 
 1764.000  1.529011e+02 
 1765.000  1.555688e+02 
 1766.000  1.373261e+02 
 1767.000  1.369543e+02 
 1768.000  1.349933e+02 
 1769.000  1.362428e+02 
 1770.000  1.418267e+02 
 1771.000  1.420750e+02 
 1772.000  1.431276e+02 
 1773.000  1.432983e+02 
 1774.000  1.427853e+02 
 1775.000  1.136586e+02 
 1776.000  1.134969e+02 
 1777.000  1.117256e+02 
 1778.000  1.111415e+02 
 1779.000  1.122590e+02 
 1780.000  1.310414e+02 
 1781.000  1.316225e+02 
 1782.000  1.298876e+02 
 1783.000  1.293415e+02 
 1784.000  1.294491e+02 
 1785.000  8.951127e+01 
 1786.000  9.024779e+01 
 1787.000  9.097395e+01 
 1788.000  9.075220e+01 
 1789.000  9.071807e+01 
 1790.000  9.002287e+01 
 1791.000  9.024716e+01 
 1792.000  8.933826e+01 
 1793.000  8.937861e+01 
 1794.000  7.116151e+01 
 1795.000  7.174817e+01 
 1796.000  7.174817e+01 
 1797.000  7.091931e+01 
 1798.000  7.116871e+01 
 1799.000  3.730695e+01 
 1800.000  3.711063e+01 
 1801.000  3.647443e+01 
 1802.000  3.623949e+01 
 1803.000  3.607190e+01 
 1804.000  3.474756e+01 
 1805.000  3.482084e+01 
 1806.000  3.459459e+01 
 1807.000  3.435383e+01 
 1808.000  3.420929e+01 
 1809.000  1.849434e+01 
 1810.000  1.838302e+01 
 1811.000  1.835411e+01 
 1812.000  1.819419e+01 
 1813.000  1.823040e+01 
 1814.000  1.552488e+01 
 1815.000  1.527235e+01 
 1816.000  1.506035e+01 
 1817.000  1.452532e+01 
 1818.000  1.362365e+01 
 1819.000  1.466652e+00 
 1820.000  1.510156e+00 
 1821.000  1.520776e+00 
 1822.000  1.504985e+00 
 1823.000  1.481405e+00 
 1824.000  8.420477e+00 
 1825.000  8.354832e+00 
 1826.000  8.395840e+00 
 1827.000  8.414239e+00 
 1828.000  8.375112e+00 
 1829.000  3.824474e-02 
 1830.000  3.923033e-02 
 1831.000  3.911644e-02 
 1832.000  3.916055e-02 
 1833.000  3.771801e-02 
 1834.000  1.032152e-01 
 1835.000  1.017915e-01 
 1836.000  1.019328e-01 
 1837.000  1.023962e-01 
 1838.000  9.912378e-02 
 1839.000  3.069140e-03 
 1840.000  3.002656e-03 
 1841.000  3.065881e-03 
 1842.000  3.007307e-03 
 1843.000  2.908628e-03 
 1844.000  2.369331e-01 
 1845.000  2.361525e-01 
 1846.000  2.372582e-01 
 1847.000  2.238499e-01 
 1848.000  2.303983e-01 
 1849.000  8.391362e-02 
 1850.000  8.455370e-02 
 1851.000  8.429884e-02 
 1852.000  8.387437e-02 
 1853.000  8.195064e-02 
 1854.000  1.888647e-02 
 1855.000  1.890467e-02 
 1856.000  1.816219e-02 
 1857.000  1.888785e-02 
 1858.000  1.881974e-02 
 1859.000  1.839334e-01 
 1860.000  1.816426e-01 
 1861.000  1.833078e-01 
 1862.000  1.820476e-01 
 1863.000  1.816914e-01 
 1864.000  1.833699e-01 
 1865.000  1.839953e-01 
 1866.000  1.813311e-01 
 1867.000  1.782319e-01 
 1868.000  1.790850e-01 
 1869.000  1.831512e-01 
 1870.000  1.320084e-06 
 1871.000  1.307067e-06 
 1872.000  1.295624e-06 
 1873.000  1.247863e-06 
 1874.000  1.245216e-06 
 1875.000  1.237559e-01 
 1876.000  1.149688e-01 
 1877.000  1.338169e-01 
 1878.000  1.369596e-01 
 1879.000  1.398142e-01 
 1880.000  6.697476e-01 
 1881.000  6.897098e-01 
 1882.000  6.848555e-01 
 1883.000  6.883125e-01 
 1884.000  6.845996e-01 
 1885.000  6.805352e-01 
 1886.000  1.102488e+00 
 1887.000  1.156183e+00 
 1888.000  1.139973e+00 
 1889.000  1.142089e+00 
 1890.000  1.098836e+00 
 1891.000  7.705058e-01 
 1892.000  7.466493e-01 
 1893.000  7.227545e-01 
 1894.000  7.586983e-01 
 1895.000  7.400275e-01 
 1896.000  2.692775e-01 
 1897.000  2.679424e-01 
 1898.000  2.749260e-01 
 1899.000  2.704737e-01 
 1900.000  2.773754e-01 
 1901.000  2.796439e-01 
 1902.000  1.468019e-02 
 1903.000  1.444449e-02 
 1904.000  1.430880e-02 
 1905.000  1.442249e-02 
 1906.000  1.447577e-02 
 1907.000  3.162322e-01 
 1908.000  3.102190e-01 
 1909.000  3.142852e-01 
 1910.000  3.146032e-01 
 1911.000  3.123102e-01 
 1912.000  3.027626e-01 
 1913.000  1.779496e-01 
 1914.000  1.785384e-01 
 1915.000  1.773159e-01 
 1916.000  1.756947e-01 
 1917.000  1.765721e-01 
 1918.000  3.060510e+00 
 1919.000  3.046844e+00 
 1920.000  2.942173e+00 
 1921.000  3.059705e+00 
 1922.000  3.049877e+00 
 1923.000  3.004718e+00 
 1924.000  4.019413e+00 
 1925.000  3.983412e+00 
 1926.000  4.004467e+00 
 1927.000  3.957400e+00 
 1928.000  3.916858e+00 
 1929.000  4.033739e+00 
 1930.000  4.193065e+00 
 1931.000  4.053961e+00 
 1932.000  4.178181e+00 
 1933.000  4.035763e+00 
 1934.000  4.166339e+00 
 1935.000  8.256236e+00 
 1936.000  8.367245e+00 
 1937.000  8.336913e+00 
 1938.000  8.354871e+00 
 1939.000  7.981749e+00 
 1940.000  1.701885e+01 
 1941.000  1.718181e+01 
 1942.000  1.705053e+01 
 1943.000  1.654821e+01 
 1944.000  1.567050e+01 
 1945.000  1.472194e+01 
 1946.000  1.944568e+01 
 1947.000  2.065666e+01 
 1948.000  2.102815e+01 
 1949.000  2.117171e+01 
 1950.000  2.070635e+01 
 1951.000  2.010416e+01 
 1952.000  2.651015e+01 
 1953.000  2.708603e+01 
 1954.000  2.718705e+01 
 1955.000  2.715100e+01 
 1956.000  2.684717e+01 
 1957.000  2.975325e+01 
 1958.000  2.989097e+01 
 1959.000  2.971589e+01 
 1960.000  2.949071e+01 
 1961.000  2.961234e+01 
 1962.000  2.902231e+01 
 1963.000  4.688343e+01 
 1964.000  4.693591e+01 
 1965.000  4.822171e+01 
 1966.000  4.704202e+01 
 1967.000  4.810382e+01 
 1968.000  4.824828e+01 
 1969.000  6.696239e+01 
 1970.000  6.755105e+01 
 1971.000  6.732497e+01 
 1972.000  6.668193e+01 
 1973.000  6.371572e+01 
 1974.000  6.546181e+01 
 1975.000  8.403860e+01 
 1976.000  8.398053e+01 
 1977.000  8.345748e+01 
 1978.000  7.920609e+01 
 1979.000  8.363687e+01 
 1980.000  8.094438e+01 
 1981.000  9.051595e+01 
 1982.000  9.131753e+01 
 1983.000  9.138040e+01 
 1984.000  9.032742e+01 
 1985.000  9.028384e+01 
 1986.000  8.847823e+01 
 1987.000  8.288491e+01 
 1988.000  8.510439e+01 
 1989.000  8.500643e+01 
 1990.000  8.476285e+01 
 1991.000  8.468449e+01 
 1992.000  8.347025e+01 
 1993.000  8.823807e+01 
 1994.000  8.895029e+01 
 1995.000  9.047543e+01 
 1996.000  9.042831e+01 
 1997.000  8.925933e+01 
 1998.000  8.756921e+01 
 1999.000  3.318638e+01 
 2000.000  3.319318e+01 
 2001.000  3.305633e+01 
 2002.000  3.311003e+01 
 2003.000  3.241814e+01 
 2004.000  3.238895e+01 
 2005.000  3.712738e+01 
 2006.000  3.616402e+01 
 2007.000  3.695892e+01 
 2008.000  3.692897e+01 
 2009.000  3.672261e+01 
 2010.000  3.679071e+01 
 2011.000  3.584450e+01 
 2012.000  3.579907e+01 
 2013.000  3.578610e+01 
 2014.000  3.543568e+01 
 2015.000  3.566851e+01 
 2016.000  3.560770e+01 
 2017.000  4.930564e+01 
 2018.000  4.942288e+01 
 2019.000  4.930494e+01 
 2020.000  4.893079e+01 
 2021.000  4.689168e+01 
 2022.000  4.854506e+01 
 2023.000  8.145451e+01 
 2024.000  8.152446e+01 
 2025.000  8.054366e+01 
 2026.000  8.127559e+01 
 2027.000  8.087646e+01 
 2028.000  8.115242e+01 
 2029.000  9.450320e+01 
 2030.000  9.339988e+01 
 2031.000  9.375796e+01 
 2032.000  9.532467e+01 
 2033.000  9.551604e+01 
 2034.000  9.544250e+01 
 2035.000  9.771723e+01 
 2036.000  1.000105e+02 
 2037.000  1.008384e+02 
 2038.000  9.543061e+01 
 2039.000  9.902611e+01 
 2040.000  9.983228e+01 
 2041.000  9.770242e+01 
 2042.000  9.679484e+01 
 2043.000  9.744846e+01 
 2044.000  9.743272e+01 
 2045.000  9.716697e+01 
 2046.000  9.710231e+01 
 2047.000  9.657756e+01 
 2048.000  7.505531e+01 
 2049.000  7.546587e+01 
 2050.000  7.507433e+01 
 2051.000  7.465970e+01 
 2052.000  7.442456e+01 
 2053.000  7.337673e+01 
 2054.000  6.400850e+01 
 2055.000  6.449561e+01 
 2056.000  6.427712e+01 
 2057.000  6.403023e+01 
 2058.000  6.375348e+01 
 2059.000  6.377660e+01 
 2060.000  7.826751e+01 
 2061.000  7.619634e+01 
 2062.000  7.857159e+01 
 2063.000  7.828075e+01 
 2064.000  7.361182e+01 
 2065.000  7.792838e+01 
 2066.000  7.802465e+01 
 2067.000  7.844492e+01 
 2068.000  7.778137e+01 
 2069.000  7.820213e+01 
 2070.000  7.557969e+01 
 2071.000  7.758537e+01 
 2072.000  7.669759e+01 
 2073.000  8.410269e+01 
 2074.000  8.397778e+01 
 2075.000  8.382206e+01 
 2076.000  8.372781e+01 
 2077.000  8.340508e+01 
 2078.000  8.338693e+01 
 2079.000  8.199982e+01 
 2080.000  9.409148e+01 
 2081.000  9.317619e+01 
 2082.000  9.388011e+01 
 2083.000  9.224163e+01 
 2084.000  9.233742e+01 
 2085.000  9.310825e+01 
 2086.000  9.434610e+01 
 2087.000  9.430180e+01 
 2088.000  9.416942e+01 
 2089.000  9.430367e+01 
 2090.000  9.379244e+01 
 2091.000  9.309241e+01 
 2092.000  8.954090e+01 
 2093.000  9.385416e+01 
 2094.000  9.473885e+01 
 2095.000  9.138523e+01 
 2096.000  9.413685e+01 
 2097.000  9.365553e+01 
 2098.000  9.352858e+01 
 2099.000  9.221461e+01 
 2100.000  9.246074e+01 
 2101.000  9.177810e+01 
 2102.000  9.240589e+01 
 2103.000  9.099745e+01 
 2104.000  9.204234e+01 
 2105.000  9.196621e+01 
 2106.000  9.480017e+01 
 2107.000  9.451731e+01 
 2108.000  9.429804e+01 
 2109.000  9.381596e+01 
 2110.000  9.167401e+01 
 2111.000  9.381020e+01 
 2112.000  9.335183e+01 
 2113.000  9.287897e+01 
 2114.000  9.316868e+01 
 2115.000  9.306163e+01 
 2116.000  9.242662e+01 
 2117.000  9.010644e+01 
 2118.000  9.219192e+01 
 2119.000  9.241087e+01 
 2120.000  9.019968e+01 
 2121.000  9.172877e+01 
 2122.000  9.093945e+01 
 2123.000  9.100053e+01 
 2124.000  8.915739e+01 
 2125.000  9.108452e+01 
 2126.000  9.223585e+01 
 2127.000  9.063141e+01 
 2128.000  9.203230e+01 
 2129.000  9.182600e+01 
 2130.000  9.118899e+01 
 2131.000  9.173976e+01 
 2132.000  9.157605e+01 
 2133.000  9.201858e+01 
 2134.000  9.174198e+01 
 2135.000  9.172857e+01 
 2136.000  8.838095e+01 
 2137.000  9.136565e+01 
 2138.000  9.134739e+01 
 2139.000  9.089076e+01 
 2140.000  9.109725e+01 
 2141.000  9.118342e+01 
 2142.000  9.092590e+01 
 2143.000  9.047215e+01 
 2144.000  9.059061e+01 
 2145.000  8.968925e+01 
 2146.000  8.670307e+01 
 2147.000  8.758456e+01 
 2148.000  8.762395e+01 
 2149.000  8.733954e+01 
 2150.000  8.723449e+01 
 2151.000  8.709470e+01 
 2152.000  8.688219e+01 
 2153.000  8.640602e+01 
 2154.000  8.661153e+01 
 2155.000  8.657893e+01 
 2156.000  8.653792e+01 
 2157.000  8.631815e+01 
 2158.000  8.616125e+01 
 2159.000  8.576321e+01 
 2160.000  8.432307e+01 
 2161.000  8.423983e+01 
 2162.000  8.311156e+01 
 2163.000  8.304893e+01 
 2164.000  8.188649e+01 
 2165.000  7.905550e+01 
 2166.000  7.101360e+01 
 2167.000  7.876569e+01 
 2168.000  8.125928e+01 
 2169.000  8.342086e+01 
 2170.000  8.316676e+01 
 2171.000  8.389230e+01 
 2172.000  8.359008e+01 
 2173.000  8.389191e+01 
 2174.000  8.301511e+01 
 2175.000  8.311697e+01 
 2176.000  8.260784e+01 
 2177.000  8.196301e+01 
 2178.000  8.256123e+01 
 2179.000  7.961726e+01 
 2180.000  8.283177e+01 
 2181.000  8.270144e+01 
 2182.000  8.000610e+01 
 2183.000  7.803545e+01 
 2184.000  7.978997e+01 
 2185.000  7.999274e+01 
 2186.000  7.985893e+01 
 2187.000  7.975378e+01 
 2188.000  7.774221e+01 
 2189.000  7.880062e+01 
 2190.000  7.975690e+01 
 2191.000  8.095629e+01 
 2192.000  8.073589e+01 
 2193.000  8.065816e+01 
 2194.000  8.044825e+01 
 2195.000  8.020962e+01 
 2196.000  7.740308e+01 
 2197.000  7.709966e+01 
 2198.000  7.720972e+01 
 2199.000  7.709975e+01 
 2200.000  7.681384e+01 
 2201.000  7.660419e+01 
 2202.000  7.648141e+01 
 2203.000  7.923785e+01 
 2204.000  7.925292e+01 
 2205.000  7.902687e+01 
 2206.000  7.600918e+01 
 2207.000  7.504161e+01 
 2208.000  7.792554e+01 
 2209.000  7.631541e+01 
 2210.000  7.962312e+01 
 2211.000  7.955302e+01 
 2212.000  7.929653e+01 
 2213.000  7.925529e+01 
 2214.000  7.893790e+01 
 2215.000  7.901338e+01 
 2216.000  7.835014e+01 
 2217.000  7.721445e+01 
 2218.000  7.877110e+01 
 2219.000  7.902327e+01 
 2220.000  7.887096e+01 
 2221.000  7.873514e+01 
 2222.000  7.842131e+01 
 2223.000  7.843673e+01 
 2224.000  7.824316e+01 
 2225.000  7.769691e+01 
 2226.000  7.635538e+01 
 2227.000  7.657296e+01 
 2228.000  7.670961e+01 
 2229.000  7.739916e+01 
 2230.000  7.684510e+01 
 2231.000  7.696249e+01 
 2232.000  7.695866e+01 
 2233.000  7.593423e+01 
 2234.000  7.579273e+01 
 2235.000  7.561909e+01 
 2236.000  7.531437e+01 
 2237.000  7.534963e+01 
 2238.000  7.469209e+01 
 2239.000  7.312454e+01 
 2240.000  7.336190e+01 
 2241.000  7.408598e+01 
 2242.000  7.392661e+01 
 2243.000  7.284306e+01 
 2244.000  7.339665e+01 
 2245.000  7.357095e+01 
 2246.000  7.341355e+01 
 2247.000  7.334808e+01 
 2248.000  7.213947e+01 
 2249.000  7.364178e+01 
 2250.000  7.330587e+01 
 2251.000  7.321995e+01 
 2252.000  7.334007e+01 
 2253.000  7.274903e+01 
 2254.000  7.093160e+01 
 2255.000  7.077003e+01 
 2256.000  7.023596e+01 
 2257.000  7.023540e+01 
 2258.000  7.047236e+01 
 2259.000  7.055197e+01 
 2260.000  7.022839e+01 
 2261.000  6.988460e+01 
 2262.000  7.001979e+01 
 2263.000  6.802876e+01 
 2264.000  7.053173e+01 
 2265.000  7.011471e+01 
 2266.000  6.933157e+01 
 2267.000  6.994570e+01 
 2268.000  7.000548e+01 
 2269.000  6.984475e+01 
 2270.000  6.963792e+01 
 2271.000  6.862360e+01 
 2272.000  6.925842e+01 
 2273.000  6.927393e+01 
 2274.000  6.906773e+01 
 2275.000  6.804318e+01 
 2276.000  6.877384e+01 
 2277.000  6.878649e+01 
 2278.000  6.906236e+01 
 2279.000  6.884852e+01 
 2280.000  6.864072e+01 
 2281.000  6.546335e+01 
 2282.000  6.759209e+01 
 2283.000  6.779482e+01 
 2284.000  6.777151e+01 
 2285.000  6.752710e+01 
 2286.000  6.678215e+01 
 2287.000  6.691676e+01 
 2288.000  6.668690e+01 
 2289.000  6.661816e+01 
 2290.000  6.661605e+01 
 2291.000  6.614989e+01 
 2292.000  6.647679e+01 
 2293.000  6.634583e+01 
 2294.000  6.074971e+01 
 2295.000  6.235915e+01 
 2296.000  6.211293e+01 
 2297.000  6.107026e+01 
 2298.000  6.242557e+01 
 2299.000  6.249181e+01 
 2300.000  6.232531e+01 
 2301.000  6.227814e+01 
 2302.000  6.486123e+01 
 2303.000  6.466893e+01 
 2304.000  6.445945e+01 
 2305.000  6.439133e+01 
 2306.000  6.445924e+01 
 2307.000  6.427591e+01 
 2308.000  6.426576e+01 
 2309.000  6.385951e+01 
 2310.000  6.405803e+01 
 2311.000  6.425893e+01 
 2312.000  6.395840e+01 
 2313.000  6.424201e+01 
 2314.000  6.386751e+01 
 2315.000  6.280325e+01 
 2316.000  6.372275e+01 
 2317.000  6.310320e+01 
 2318.000  5.888874e+01 
 2319.000  5.865269e+01 
 2320.000  5.909329e+01 
 2321.000  5.913733e+01 
 2322.000  5.909127e+01 
 2323.000  5.568391e+01 
 2324.000  5.723019e+01 
 2325.000  5.769753e+01 
 2326.000  6.077696e+01 
 2327.000  6.193118e+01 
 2328.000  6.234615e+01 
 2329.000  6.205734e+01 
 2330.000  6.195060e+01 
 2331.000  6.167734e+01 
 2332.000  6.192787e+01 
 2333.000  6.188497e+01 
 2334.000  5.731790e+01 
 2335.000  5.650376e+01 
 2336.000  5.691053e+01 
 2337.000  5.722271e+01 
 2338.000  5.692710e+01 
 2339.000  5.545403e+01 
 2340.000  5.700824e+01 
 2341.000  5.707708e+01 
 2342.000  5.449986e+01 
 2343.000  5.424261e+01 
 2344.000  5.408466e+01 
 2345.000  5.398079e+01 
 2346.000  5.410973e+01 
 2347.000  5.380223e+01 
 2348.000  5.372287e+01 
 2349.000  5.398005e+01 
 2350.000  5.363794e+01 
 2351.000  5.049661e+01 
 2352.000  4.971204e+01 
 2353.000  4.765239e+01 
 2354.000  4.889151e+01 
 2355.000  4.944910e+01 
 2356.000  4.931658e+01 
 2357.000  4.891749e+01 
 2358.000  4.894303e+01 
 2359.000  5.691679e+01 
 2360.000  5.696592e+01 
 2361.000  5.654831e+01 
 2362.000  5.660258e+01 
 2363.000  5.652300e+01 
 2364.000  5.669290e+01 
 2365.000  5.649659e+01 
 2366.000  5.661303e+01 
 2367.000  4.550549e+01 
 2368.000  4.527723e+01 
 2369.000  4.484387e+01 
 2370.000  4.446449e+01 
 2371.000  4.498012e+01 
 2372.000  4.499440e+01 
 2373.000  4.484330e+01 
 2374.000  4.265400e+01 
 2375.000  4.409146e+01 
 2376.000  4.554491e+01 
 2377.000  4.539829e+01 
 2378.000  4.526430e+01 
 2379.000  4.535807e+01 
 2380.000  4.521080e+01 
 2381.000  4.510658e+01 
 2382.000  4.521582e+01 
 2383.000  4.304657e+01 
 2384.000  4.037629e+01 
 2385.000  4.068859e+01 
 2386.000  4.098682e+01 
 2387.000  4.036214e+01 
 2388.000  4.144483e+01 
 2389.000  4.129534e+01 
 2390.000  4.161349e+01 
 2391.000  4.154120e+01 
 2392.000  4.145634e+01 
 2393.000  4.628157e+01 
 2394.000  4.688271e+01 
 2395.000  4.646844e+01 
 2396.000  4.643156e+01 
 2397.000  4.664865e+01 
 2398.000  4.636261e+01 
 2399.000  4.646541e+01 
 2400.000  4.603105e+01 
 2401.000  4.243952e+01 
 2402.000  4.265528e+01 
 2403.000  4.234312e+01 
 2404.000  4.229037e+01 
 2405.000  4.256920e+01 
 2406.000  4.195037e+01 
 2407.000  4.210687e+01 
 2408.000  4.218033e+01 
 2409.000  4.204442e+01 
 2410.000  3.432683e+01 
 2411.000  3.435886e+01 
 2412.000  3.431578e+01 
 2413.000  3.419861e+01 
 2414.000  3.300801e+01 
 2415.000  3.297236e+01 
 2416.000  3.174756e+01 
 2417.000  3.317996e+01 
 2418.000  3.346865e+01 
 2419.000  3.435252e+01 
 2420.000  3.398475e+01 
 2421.000  3.424078e+01 
 2422.000  3.415977e+01 
 2423.000  3.391925e+01 
 2424.000  3.401984e+01 
 2425.000  3.364415e+01 
 2426.000  3.406856e+01 
 2427.000  3.373889e+01 
 2428.000  3.779539e+01 
 2429.000  3.805011e+01 
 2430.000  3.782188e+01 
 2431.000  3.774780e+01 
 2432.000  3.798125e+01 
 2433.000  3.792309e+01 
 2434.000  3.714494e+01 
 2435.000  3.673730e+01 
 2436.000  3.776447e+01 
 2437.000  4.053600e+01 
 2438.000  3.956250e+01 
 2439.000  4.063004e+01 
 2440.000  4.059569e+01 
 2441.000  4.012355e+01 
 2442.000  4.037030e+01 
 2443.000  4.031697e+01 
 2444.000  4.011551e+01 
 2445.000  4.026670e+01 
 2446.000  1.814642e+01 
 2447.000  1.818772e+01 
 2448.000  1.815001e+01 
 2449.000  1.815002e+01 
 2450.000  1.827678e+01 
 2451.000  1.799543e+01 
 2452.000  1.798672e+01 
 2453.000  1.826665e+01 
 2454.000  1.820778e+01 
 2455.000  3.397485e+01 
 2456.000  3.391494e+01 
 2457.000  3.279636e+01 
 2458.000  3.414501e+01 
 2459.000  3.438010e+01 
 2460.000  3.416806e+01 
 2461.000  3.412368e+01 
 2462.000  3.421201e+01 
 2463.000  3.403371e+01 
 2464.000  2.755049e+01 
 2465.000  2.733345e+01 
 2466.000  2.711939e+01 
 2467.000  2.727243e+01 
 2468.000  2.726931e+01 
 2469.000  2.714949e+01 
 2470.000  2.598819e+01 
 2471.000  2.709643e+01 
 2472.000  2.698767e+01 
 2473.000  1.818496e+01 
 2474.000  1.786040e+01 
 2475.000  1.825248e+01 
 2476.000  1.803902e+01 
 2477.000  1.830257e+01 
 2478.000  1.821312e+01 
 2479.000  1.749257e+01 
 2480.000  1.774553e+01 
 2481.000  1.750594e+01 
 2482.000  8.287127e+00 
 2483.000  8.056236e+00 
 2484.000  8.432410e+00 
 2485.000  8.389990e+00 
 2486.000  8.338408e+00 
 2487.000  7.916531e+00 
 2488.000  8.337459e+00 
 2489.000  8.330591e+00 
 2490.000  8.372983e+00 
 2491.000  8.143839e+00 
 2492.000  8.176058e+00 
 2493.000  8.045515e+00 
 2494.000  8.173505e+00 
 2495.000  8.082850e+00 
 2496.000  8.030853e+00 
 2497.000  8.094444e+00 
 2498.000  8.038083e+00 
 2499.000  8.074684e+00 
 2500.000  8.043993e+00 
 2501.000  8.952724e+00 
 2502.000  9.003907e+00 
 2503.000  8.907900e+00 
 2504.000  8.838947e+00 
 2505.000  8.936504e+00 
 2506.000  8.906827e+00 
 2507.000  8.856562e+00 
 2508.000  8.729036e+00 
 2509.000  8.692431e+00 
 2510.000  2.235101e+00 
 2511.000  2.247924e+00 
 2512.000  2.247448e+00 
 2513.000  2.246961e+00 
 2514.000  2.241755e+00 
 2515.000  2.229737e+00 
 2516.000  2.256097e+00 
 2517.000  2.235900e+00 
 2518.000  2.199864e+00 
 2519.000  1.256682e+00 
 2520.000  1.253880e+00 
 2521.000  1.255221e+00 
 2522.000  1.251075e+00 
 2523.000  1.248150e+00 
 2524.000  1.242855e+00 
 2525.000  1.248495e+00 
 2526.000  1.245942e+00 
 2527.000  1.236874e+00 
 2528.000  1.240526e+00 
 2529.000  1.778780e-02 
 2530.000  1.779246e-02 
 2531.000  1.781854e-02 
 2532.000  1.783103e-02 
 2533.000  1.764107e-02 
 2534.000  1.775197e-02 
 2535.000  1.755303e-02 
 2536.000  1.762364e-02 
 2537.000  1.742517e-02 
 2538.000  1.764160e-02 
 2539.000  3.468342e-02 
 2540.000  3.469527e-02 
 2541.000  3.479943e-02 
 2542.000  3.336396e-02 
 2543.000  3.464057e-02 
 2544.000  3.470096e-02 
 2545.000  3.494261e-02 
 2546.000  3.495563e-02 
 2547.000  3.399499e-02 
 2548.000  5.027365e-04 
 2549.000  5.101438e-04 
 2550.000  5.058423e-04 
 2551.000  4.998322e-04 
 2552.000  5.048713e-04 
 2553.000  4.979474e-04 
 2554.000  5.064514e-04 
 2555.000  5.039417e-04 
 2556.000  4.983724e-04 
 2557.000  4.902880e-04 
 2558.000  1.712071e-05 
 2559.000  1.713346e-05 
 2560.000  1.682292e-05 
 2561.000  1.698127e-05 
 2562.000  1.696728e-05 
 2563.000  1.702182e-05 
 2564.000  1.700405e-05 
 2565.000  1.672787e-05 
 2566.000  1.685720e-05 
 2567.000  1.645088e-05 
 2568.000  0.000000e+00 
 2569.000  0.000000e+00 
 2570.000  0.000000e+00 
 2571.000  0.000000e+00 
 2572.000  0.000000e+00 
 2573.000  0.000000e+00 
 2574.000  0.000000e+00 
 2575.000  0.000000e+00 
 2576.000  0.000000e+00 
 2577.000  0.000000e+00 
 2578.000  0.000000e+00 
 2579.000  0.000000e+00 
 2580.000  0.000000e+00 
 2581.000  0.000000e+00 
 2582.000  0.000000e+00 
 2583.000  0.000000e+00 
 2584.000  0.000000e+00 
 2585.000  0.000000e+00 
 2586.000  0.000000e+00 
 2587.000  0.000000e+00 
 2588.000  0.000000e+00 
 2589.000  0.000000e+00 
 2590.000  0.000000e+00 
 2591.000  0.000000e+00 
 2592.000  0.000000e+00 
 2593.000  0.000000e+00 
 2594.000  0.000000e+00 
 2595.000  0.000000e+00 
 2596.000  0.000000e+00 
 2597.000  0.000000e+00 
 2598.000  0.000000e+00 
 2599.000  0.000000e+00 
 2600.000  0.000000e+00 
 2601.000  0.000000e+00 
 2602.000  0.000000e+00 
 2603.000  0.000000e+00 
 2604.000  0.000000e+00 
 2605.000  0.000000e+00 
 2606.000  0.000000e+00 
 2607.000  0.000000e+00 
 2608.000  0.000000e+00 
 2609.000  0.000000e+00 
 2610.000  0.000000e+00 
 2611.000  0.000000e+00 
 2612.000  0.000000e+00 
 2613.000  0.000000e+00 
 2614.000  0.000000e+00 
 2615.000  0.000000e+00 
 2616.000  0.000000e+00 
 2617.000  0.000000e+00 
 2618.000  0.000000e+00 
 2619.000  0.000000e+00 
 2620.000  0.000000e+00 
 2621.000  0.000000e+00 
 2622.000  0.000000e+00 
 2623.000  0.000000e+00 
 2624.000  0.000000e+00 
 2625.000  0.000000e+00 
 2626.000  0.000000e+00 
 2627.000  0.000000e+00 
 2628.000  0.000000e+00 
 2629.000  0.000000e+00 
 2630.000  0.000000e+00 
 2631.000  0.000000e+00 
 2632.000  0.000000e+00 
 2633.000  0.000000e+00 
 2634.000  0.000000e+00 
 2635.000  0.000000e+00 
 2636.000  0.000000e+00 
 2637.000  0.000000e+00 
 2638.000  0.000000e+00 
 2639.000  0.000000e+00 
 2640.000  0.000000e+00 
 2641.000  0.000000e+00 
 2642.000  0.000000e+00 
 2643.000  0.000000e+00 
 2644.000  0.000000e+00 
 2645.000  0.000000e+00 
 2646.000  0.000000e+00 
 2647.000  0.000000e+00 
 2648.000  0.000000e+00 
 2649.000  0.000000e+00 
 2650.000  0.000000e+00 
 2651.000  0.000000e+00 
 2652.000  0.000000e+00 
 2653.000  0.000000e+00 
 2654.000  0.000000e+00 
 2655.000  0.000000e+00 
 2656.000  0.000000e+00 
 2657.000  0.000000e+00 
 2658.000  0.000000e+00 
 2659.000  0.000000e+00 
 2660.000  0.000000e+00 
 2661.000  0.000000e+00 
 2662.000  0.000000e+00 
 2663.000  0.000000e+00 
 2664.000  0.000000e+00 
 2665.000  0.000000e+00 
 2666.000  0.000000e+00 
 2667.000  0.000000e+00 
 2668.000  0.000000e+00 
 2669.000  0.000000e+00 
 2670.000  0.000000e+00 
 2671.000  0.000000e+00 
 2672.000  0.000000e+00 
 2673.000  0.000000e+00 
 2674.000  0.000000e+00 
 2675.000  0.000000e+00 
 2676.000  0.000000e+00 
 2677.000  0.000000e+00 
 2678.000  0.000000e+00 
 2679.000  0.000000e+00 
 2680.000  0.000000e+00 
 2681.000  0.000000e+00 
 2682.000  0.000000e+00 
 2683.000  0.000000e+00 
 2684.000  0.000000e+00 
 2685.000  0.000000e+00 
 2686.000  0.000000e+00 
 2687.000  0.000000e+00 
 2688.000  0.000000e+00 
 2689.000  0.000000e+00 
 2690.000  0.000000e+00 
 2691.000  0.000000e+00 
 2692.000  0.000000e+00 
 2693.000  0.000000e+00 
 2694.000  0.000000e+00 
 2695.000  0.000000e+00 
 2696.000  0.000000e+00 
 2697.000  0.000000e+00 
 2698.000  0.000000e+00 
 2699.000  0.000000e+00 
 2700.000  0.000000e+00 
 2701.000  0.000000e+00 
 2702.000  0.000000e+00 
 2703.000  0.000000e+00 
 2704.000  0.000000e+00 
 2705.000  0.000000e+00 
 2706.000  0.000000e+00 
 2707.000  0.000000e+00 
 2708.000  0.000000e+00 
 2709.000  0.000000e+00 
 2710.000  0.000000e+00 
 2711.000  0.000000e+00 
 2712.000  0.000000e+00 
 2713.000  0.000000e+00 
 2714.000  0.000000e+00 
 2715.000  0.000000e+00 
 2716.000  0.000000e+00 
 2717.000  0.000000e+00 
 2718.000  0.000000e+00 
 2719.000  0.000000e+00 
 2720.000  0.000000e+00 
 2721.000  0.000000e+00 
 2722.000  0.000000e+00 
 2723.000  0.000000e+00 
 2724.000  0.000000e+00 
 2725.000  0.000000e+00 
 2726.000  0.000000e+00 
 2727.000  0.000000e+00 
 2728.000  0.000000e+00 
 2729.000  0.000000e+00 
 2730.000  0.000000e+00 
 2731.000  0.000000e+00 
 2732.000  0.000000e+00 
 2733.000  0.000000e+00 
 2734.000  0.000000e+00 
 2735.000  0.000000e+00 
 2736.000  0.000000e+00 
 2737.000  0.000000e+00 
 2738.000  0.000000e+00 
 2739.000  0.000000e+00 
 2740.000  0.000000e+00 
 2741.000  0.000000e+00 
 2742.000  0.000000e+00 
 2743.000  0.000000e+00 
 2744.000  0.000000e+00 
 2745.000  0.000000e+00 
 2746.000  0.000000e+00 
 2747.000  0.000000e+00 
 2748.000  0.000000e+00 
 2749.000  0.000000e+00 
 2750.000  0.000000e+00 
 2751.000  0.000000e+00 
 2752.000  0.000000e+00 
 2753.000  0.000000e+00 
 2754.000  0.000000e+00 
 2755.000  0.000000e+00 
 2756.000  0.000000e+00 
 2757.000  0.000000e+00 
 2758.000  0.000000e+00 
 2759.000  0.000000e+00 
 2760.000  0.000000e+00 
 2761.000  0.000000e+00 
 2762.000  0.000000e+00 
 2763.000  0.000000e+00 
 2764.000  0.000000e+00 
 2765.000  0.000000e+00 
 2766.000  0.000000e+00 
 2767.000  0.000000e+00 
 2768.000  0.000000e+00 
 2769.000  0.000000e+00 
 2770.000  0.000000e+00 
 2771.000  0.000000e+00 
 2772.000  0.000000e+00 
 2773.000  0.000000e+00 
 2774.000  0.000000e+00 
 2775.000  0.000000e+00 
 2776.000  0.000000e+00 
 2777.000  0.000000e+00 
 2778.000  0.000000e+00 
 2779.000  0.000000e+00 
 2780.000  0.000000e+00 
 2781.000  0.000000e+00 
 2782.000  0.000000e+00 
 2783.000  0.000000e+00 
 2784.000  0.000000e+00 
 2785.000  0.000000e+00 
 2786.000  0.000000e+00 
 2787.000  0.000000e+00 
 2788.000  0.000000e+00 
 2789.000  0.000000e+00 
 2790.000  0.000000e+00 
 2791.000  0.000000e+00 
 2792.000  0.000000e+00 
 2793.000  0.000000e+00 
 2794.000  1.420002e-06 
 2795.000  1.418995e-06 
 2796.000  1.416626e-06 
 2797.000  1.415714e-06 
 2798.000  1.407877e-06 
 2799.000  1.404942e-06 
 2800.000  1.405585e-06 
 2801.000  1.405045e-06 
 2802.000  1.404915e-06 
 2803.000  1.398913e-06 
 2804.000  1.389119e-06 
 2805.000  1.397802e-06 
 2806.000  2.886315e-04 
 2807.000  2.869146e-04 
 2808.000  2.875166e-04 
 2809.000  2.871103e-04 
 2810.000  2.870973e-04 
 2811.000  2.862811e-04 
 2812.000  2.860620e-04 
 2813.000  2.854732e-04 
 2814.000  2.849684e-04 
 2815.000  2.849461e-04 
 2816.000  2.830364e-04 
 2817.000  7.708648e-03 
 2818.000  7.697796e-03 
 2819.000  7.675455e-03 
 2820.000  7.654774e-03 
 2821.000  7.666223e-03 
 2822.000  7.642712e-03 
 2823.000  7.629020e-03 
 2824.000  7.593248e-03 
 2825.000  7.616282e-03 
 2826.000  7.618840e-03 
 2827.000  7.594072e-03 
 2828.000  7.569945e-03 
 2829.000  4.659083e-02 
 2830.000  4.656664e-02 
 2831.000  4.640648e-02 
 2832.000  4.647349e-02 
 2833.000  4.634655e-02 
 2834.000  4.636243e-02 
 2835.000  4.629680e-02 
 2836.000  4.619129e-02 
 2837.000  4.617437e-02 
 2838.000  4.604545e-02 
 2839.000  4.608697e-02 
 2840.000  4.578962e-02 
 2841.000  2.337505e-01 
 2842.000  2.378114e-01 
 2843.000  2.366136e-01 
 2844.000  2.365360e-01 
 2845.000  2.372742e-01 
 2846.000  2.369556e-01 
 2847.000  2.364626e-01 
 2848.000  2.363733e-01 
 2849.000  2.360312e-01 
 2850.000  2.341802e-01 
 2851.000  2.340042e-01 
 2852.000  2.338501e-01 
 2853.000  2.348913e-01 
 2854.000  4.306050e-01 
 2855.000  4.322960e-01 
 2856.000  4.318962e-01 
 2857.000  4.311079e-01 
 2858.000  4.309930e-01 
 2859.000  4.292489e-01 
 2860.000  4.261197e-01 
 2861.000  4.288575e-01 
 2862.000  4.279786e-01 
 2863.000  4.272768e-01 
 2864.000  4.270162e-01 
 2865.000  4.262018e-01 
 2866.000  8.761647e-01 
 2867.000  8.721842e-01 
 2868.000  8.642400e-01 
 2869.000  8.679204e-01 
 2870.000  8.572877e-01 
 2871.000  8.608789e-01 
 2872.000  8.510291e-01 
 2873.000  8.456874e-01 
 2874.000  8.513840e-01 
 2875.000  8.559409e-01 
 2876.000  8.597736e-01 
 2877.000  8.606465e-01 
 2878.000  1.260507e+00 
 2879.000  1.259898e+00 
 2880.000  1.256856e+00 
 2881.000  1.257274e+00 
 2882.000  1.256165e+00 
 2883.000  1.257130e+00 
 2884.000  1.255632e+00 
 2885.000  1.251964e+00 
 2886.000  1.248092e+00 
 2887.000  1.245649e+00 
 2888.000  1.243979e+00 
 2889.000  1.237032e+00 
 2890.000  1.243321e+00 
 2891.000  4.039475e+00 
 2892.000  4.035662e+00 
 2893.000  4.028296e+00 
 2894.000  4.011760e+00 
 2895.000  4.017011e+00 
 2896.000  4.009316e+00 
 2897.000  4.009751e+00 
 2898.000  3.988270e+00 
 2899.000  3.977890e+00 
 2900.000  3.988223e+00 
 2901.000  3.975994e+00 
 2902.000  3.977914e+00 
 2903.000  2.972818e+00 
 2904.000  2.967386e+00 
 2905.000  2.967422e+00 
 2906.000  2.923389e+00 
 2907.000  2.955499e+00 
 2908.000  2.951401e+00 
 2909.000  2.949653e+00 
 2910.000  2.944806e+00 
 2911.000  2.940813e+00 
 2912.000  2.939964e+00 
 2913.000  2.930723e+00 
 2914.000  2.925081e+00 
 2915.000  2.923045e+00 
 2916.000  4.822622e+00 
 2917.000  4.860771e+00 
 2918.000  4.852859e+00 
 2919.000  4.847171e+00 
 2920.000  4.839972e+00 
 2921.000  4.836297e+00 
 2922.000  4.822050e+00 
 2923.000  4.780879e+00 
 2924.000  4.753915e+00 
 2925.000  4.804334e+00 
 2926.000  4.726008e+00 
 2927.000  4.795930e+00 
 2928.000  4.794550e+00 
 2929.000  9.005447e+00 
 2930.000  9.148444e+00 
 2931.000  9.138000e+00 
 2932.000  9.134670e+00 
 2933.000  9.086670e+00 
 2934.000  9.100209e+00 
 2935.000  9.058149e+00 
 2936.000  9.063394e+00 
 2937.000  9.053948e+00 
 2938.000  9.056455e+00 
 2939.000  9.000708e+00 
 2940.000  9.025331e+00 
 2941.000  8.996574e+00 
 2942.000  5.491222e+00 
 2943.000  5.414155e+00 
 2944.000  5.453758e+00 
 2945.000  5.456806e+00 
 2946.000  5.458925e+00 
 2947.000  5.353764e+00 
 2948.000  5.438535e+00 
 2949.000  5.441154e+00 
 2950.000  5.427176e+00 
 2951.000  5.413730e+00 
 2952.000  5.379449e+00 
 2953.000  5.411665e+00 
 2954.000  5.397121e+00 
 2955.000  8.820810e+00 
 2956.000  8.840080e+00 
 2957.000  8.827434e+00 
 2958.000  8.827274e+00 
 2959.000  8.815706e+00 
 2960.000  8.772488e+00 
 2961.000  8.749178e+00 
 2962.000  8.778304e+00 
 2963.000  8.767255e+00 
 2964.000  8.748952e+00 
 2965.000  8.750225e+00 
 2966.000  8.730534e+00 
 2967.000  8.720238e+00 
 2968.000  1.329482e+00 
 2969.000  1.325526e+00 
 2970.000  1.323611e+00 
 2971.000  1.320868e+00 
 2972.000  1.321808e+00 
 2973.000  1.321156e+00 
 2974.000  1.320331e+00 
 2975.000  1.318079e+00 
 2976.000  1.315014e+00 
 2977.000  1.315131e+00 
 2978.000  1.310710e+00 
 2979.000  1.299752e+00 
 2980.000  1.309458e+00 
 2981.000  1.096755e+01 
 2982.000  1.092921e+01 
 2983.000  1.094115e+01 
 2984.000  1.092557e+01 
 2985.000  1.090915e+01 
 2986.000  1.090091e+01 
 2987.000  1.088313e+01 
 2988.000  1.079431e+01 
 2989.000  1.085056e+01 
 2990.000  1.078619e+01 
 2991.000  1.082104e+01 
 2992.000  1.080918e+01 
 2993.000  1.079258e+01 
 2994.000  1.077389e+01 
 2995.000  8.013823e+00 
 2996.000  7.999842e+00 
 2997.000  7.852601e+00 
 2998.000  7.957793e+00 
 2999.000  7.951407e+00 
 3000.000  7.821420e+00 
