  250.000  6.352853e+01 
  251.000  4.395892e+01 
  252.000  2.909844e+01 
  253.000  3.198244e+01 
  254.000  4.187407e+01 
  255.000  7.212199e+01 
  256.000  1.155070e+02 
  257.000  1.750484e+02 
  258.000  1.392979e+02 
  259.000  1.133380e+02 
  260.000  8.019699e+01 
  261.000  7.206753e+01 
  262.000  1.134005e+02 
  263.000  9.763776e+01 
  264.000  3.551975e+02 
  265.000  4.416046e+02 
  266.000  3.802463e+02 
  267.000  3.293660e+02 
  268.000  3.877808e+02 
  269.000  3.502648e+02 
  270.000  3.579056e+02 
  271.000  3.136854e+02 
  272.000  1.619491e+02 
  273.000  2.357754e+02 
  274.000  1.229625e+02 
  275.000  1.489687e+02 
  276.000  2.166112e+02 
  277.000  2.934724e+02 
  278.000  1.889551e+02 
  279.000  1.211924e+02 
  280.000  3.335434e+01 
  281.000  1.395880e+02 
  282.000  3.506999e+02 
  283.000  3.950265e+02 
  284.000  2.793737e+02 
  285.000  8.929158e+01 
  286.000  1.905523e+02 
  287.000  4.113053e+02 
  288.000  3.606674e+02 
  289.000  5.209507e+02 
  290.000  6.388832e+02 
  291.000  6.628848e+02 
  292.000  7.279551e+02 
  293.000  5.641318e+02 
  294.000  5.983003e+02 
  295.000  5.297718e+02 
  296.000  7.290686e+02 
  297.000  3.948183e+02 
  298.000  6.461614e+02 
  299.000  6.379581e+02 
  300.000  5.144125e+02 
  301.000  7.501144e+02 
  302.000  5.294760e+02 
  303.000  7.670427e+02 
  304.000  6.849898e+02 
  305.000  7.698364e+02 
  306.000  6.605576e+02 
  307.000  7.207899e+02 
  308.000  7.566696e+02 
  309.000  6.924618e+02 
  310.000  5.672834e+02 
  311.000  9.846186e+02 
  312.000  7.117626e+02 
  313.000  7.965276e+02 
  314.000  7.830598e+02 
  315.000  7.959531e+02 
  316.000  5.972322e+02 
  317.000  8.058040e+02 
  318.000  7.454180e+02 
  319.000  7.245895e+02 
  320.000  7.977669e+02 
  321.000  7.959778e+02 
  322.000  7.733209e+02 
  323.000  6.210920e+02 
  324.000  7.174075e+02 
  325.000  8.707896e+02 
  326.000  1.086042e+03 
  327.000  1.077895e+03 
  328.000  9.694114e+02 
  329.000  1.031362e+03 
  330.000  1.074350e+03 
  331.000  9.195565e+02 
  332.000  9.583564e+02 
  333.000  1.079317e+03 
  334.000  9.329122e+02 
  335.000  9.696909e+02 
  336.000  7.254645e+02 
  337.000  7.096603e+02 
  338.000  8.589396e+02 
  339.000  8.574750e+02 
  340.000  9.811639e+02 
  341.000  8.223210e+02 
  342.000  8.606309e+02 
  343.000  8.690927e+02 
  344.000  7.947301e+02 
  345.000  1.013878e+03 
  346.000  1.124423e+03 
  347.000  1.071719e+03 
  348.000  1.011619e+03 
  349.000  1.110585e+03 
  350.000  1.138382e+03 
  351.000  1.083644e+03 
  352.000  1.115046e+03 
  353.000  1.018246e+03 
  354.000  1.178238e+03 
  355.000  1.197587e+03 
  356.000  1.135829e+03 
  357.000  7.288659e+02 
  358.000  7.946118e+02 
  359.000  8.019631e+02 
  360.000  1.192957e+03 
  361.000  9.463240e+02 
  362.000  1.038191e+03 
  363.000  1.105264e+03 
  364.000  1.104946e+03 
  365.000  1.036725e+03 
  366.000  1.425511e+03 
  367.000  1.278192e+03 
  368.000  1.207842e+03 
  369.000  1.164136e+03 
  370.000  1.341536e+03 
  371.000  1.073505e+03 
  372.000  1.132127e+03 
  373.000  1.130199e+03 
  374.000  8.767192e+02 
  375.000  8.042933e+02 
  376.000  1.152300e+03 
  377.000  1.180932e+03 
  378.000  1.529961e+03 
  379.000  1.179413e+03 
  380.000  1.105252e+03 
  381.000  1.239999e+03 
  382.000  9.255129e+02 
  383.000  6.443456e+02 
  384.000  7.082570e+02 
  385.000  1.064386e+03 
  386.000  8.249932e+02 
  387.000  9.453707e+02 
  388.000  9.345922e+02 
  389.000  1.062571e+03 
  390.000  1.285242e+03 
  391.000  1.434260e+03 
  392.000  1.271372e+03 
  393.000  6.798306e+02 
  394.000  7.503339e+02 
  395.000  1.256228e+03 
  396.000  1.289571e+03 
  397.000  5.234524e+02 
  398.000  1.460635e+03 
  399.000  1.746678e+03 
  400.000  1.711472e+03 
  401.000  1.695302e+03 
  402.000  1.790552e+03 
  403.000  1.671323e+03 
  404.000  1.789950e+03 
  405.000  1.635978e+03 
  406.000  1.618192e+03 
  407.000  1.570768e+03 
  408.000  1.696046e+03 
  409.000  1.871136e+03 
  410.000  1.559236e+03 
  411.000  1.825043e+03 
  412.000  1.884936e+03 
  413.000  1.774859e+03 
  414.000  1.736752e+03 
  415.000  1.846248e+03 
  416.000  1.829078e+03 
  417.000  1.767797e+03 
  418.000  1.723958e+03 
  419.000  1.760818e+03 
  420.000  1.485867e+03 
  421.000  1.856002e+03 
  422.000  1.773075e+03 
  423.000  1.492991e+03 
  424.000  1.637361e+03 
  425.000  1.690926e+03 
  426.000  1.620831e+03 
  427.000  1.554673e+03 
  428.000  1.569891e+03 
  429.000  1.424349e+03 
  430.000  1.133549e+03 
  431.000  1.016441e+03 
  432.000  1.824783e+03 
  433.000  1.620083e+03 
  434.000  1.535842e+03 
  435.000  1.666692e+03 
  436.000  1.843456e+03 
  437.000  1.856616e+03 
  438.000  1.659060e+03 
  439.000  1.601528e+03 
  440.000  1.790717e+03 
  441.000  1.780727e+03 
  442.000  1.871158e+03 
  443.000  1.879432e+03 
  444.000  1.863111e+03 
  445.000  1.955584e+03 
  446.000  1.737166e+03 
  447.000  1.976920e+03 
  448.000  2.004992e+03 
  449.000  2.013682e+03 
  450.000  2.052649e+03 
  451.000  2.213247e+03 
  452.000  2.052955e+03 
  453.000  1.901603e+03 
  454.000  2.023132e+03 
  455.000  2.033252e+03 
  456.000  2.078750e+03 
  457.000  2.086600e+03 
  458.000  2.046240e+03 
  459.000  2.042423e+03 
  460.000  2.021145e+03 
  461.000  2.090842e+03 
  462.000  2.053348e+03 
  463.000  2.050447e+03 
  464.000  2.052709e+03 
  465.000  2.018387e+03 
  466.000  2.077922e+03 
  467.000  2.000447e+03 
  468.000  2.114089e+03 
  469.000  2.092388e+03 
  470.000  2.060714e+03 
  471.000  2.054450e+03 
  472.000  2.077351e+03 
  473.000  2.053163e+03 
  474.000  2.068367e+03 
  475.000  2.151670e+03 
  476.000  2.086297e+03 
  477.000  2.067126e+03 
  478.000  2.164699e+03 
  479.000  2.059742e+03 
  480.000  2.092958e+03 
  481.000  2.073697e+03 
  482.000  2.111027e+03 
  483.000  2.108008e+03 
  484.000  2.022662e+03 
  485.000  2.033753e+03 
  486.000  1.645806e+03 
  487.000  1.846207e+03 
  488.000  2.000840e+03 
  489.000  1.856552e+03 
  490.000  2.109780e+03 
  491.000  1.971377e+03 
  492.000  1.891914e+03 
  493.000  2.034905e+03 
  494.000  1.963306e+03 
  495.000  2.096075e+03 
  496.000  2.039845e+03 
  497.000  1.977262e+03 
  498.000  1.929110e+03 
  499.000  1.923090e+03 
  500.000  1.913283e+03 
  501.000  1.869194e+03 
  502.000  1.855755e+03 
  503.000  1.965130e+03 
  504.000  1.827232e+03 
  505.000  1.969682e+03 
  506.000  2.105797e+03 
  507.000  1.956602e+03 
  508.000  1.873830e+03 
  509.000  2.017881e+03 
  510.000  1.952610e+03 
  511.000  1.950784e+03 
  512.000  2.045000e+03 
  513.000  1.869402e+03 
  514.000  1.828007e+03 
  515.000  1.864014e+03 
  516.000  1.956156e+03 
  517.000  1.439938e+03 
  518.000  1.781477e+03 
  519.000  1.686616e+03 
  520.000  1.855639e+03 
  521.000  1.855475e+03 
  522.000  1.928062e+03 
  523.000  1.795296e+03 
  524.000  1.946927e+03 
  525.000  1.930569e+03 
  526.000  1.838944e+03 
  527.000  1.605925e+03 
  528.000  1.928275e+03 
  529.000  1.982568e+03 
  530.000  1.872901e+03 
  531.000  2.038140e+03 
  532.000  1.943708e+03 
  533.000  1.705831e+03 
  534.000  1.853147e+03 
  535.000  1.888669e+03 
  536.000  2.001941e+03 
  537.000  1.855501e+03 
  538.000  1.940608e+03 
  539.000  1.932613e+03 
  540.000  1.889856e+03 
  541.000  1.731673e+03 
  542.000  1.930311e+03 
  543.000  1.845162e+03 
  544.000  1.945108e+03 
  545.000  1.915277e+03 
  546.000  1.871879e+03 
  547.000  1.950554e+03 
  548.000  1.809059e+03 
  549.000  1.903126e+03 
  550.000  1.861033e+03 
  551.000  1.849576e+03 
  552.000  1.929511e+03 
  553.000  1.854176e+03 
  554.000  1.915057e+03 
  555.000  1.920775e+03 
  556.000  1.868244e+03 
  557.000  1.813345e+03 
  558.000  1.882818e+03 
  559.000  1.780272e+03 
  560.000  1.788781e+03 
  561.000  1.966790e+03 
  562.000  1.806572e+03 
  563.000  1.891007e+03 
  564.000  1.865501e+03 
  565.000  1.889153e+03 
  566.000  1.742862e+03 
  567.000  1.872208e+03 
  568.000  1.874268e+03 
  569.000  1.849700e+03 
  570.000  1.858225e+03 
  571.000  1.784793e+03 
  572.000  1.895811e+03 
  573.000  1.914421e+03 
  574.000  1.904118e+03 
  575.000  1.858715e+03 
  576.000  1.824978e+03 
  577.000  1.898029e+03 
  578.000  1.838753e+03 
  579.000  1.821327e+03 
  580.000  1.880763e+03 
  581.000  1.842097e+03 
  582.000  1.866512e+03 
  583.000  1.877587e+03 
  584.000  1.869944e+03 
  585.000  1.856399e+03 
  586.000  1.775560e+03 
  587.000  1.848202e+03 
  588.000  1.846035e+03 
  589.000  1.660464e+03 
  590.000  1.735250e+03 
  591.000  1.825395e+03 
  592.000  1.799983e+03 
  593.000  1.798227e+03 
  594.000  1.819296e+03 
  595.000  1.798899e+03 
  596.000  1.823546e+03 
  597.000  1.834805e+03 
  598.000  1.789979e+03 
  599.000  1.788135e+03 
  600.000  1.782035e+03 
  601.000  1.768081e+03 
  602.000  1.748137e+03 
  603.000  1.756912e+03 
  604.000  1.810158e+03 
  605.000  1.803995e+03 
  606.000  1.782026e+03 
  607.000  1.771036e+03 
  608.000  1.763638e+03 
  609.000  1.744701e+03 
  610.000  1.715876e+03 
  611.000  1.742656e+03 
  612.000  1.718949e+03 
  613.000  1.692883e+03 
  614.000  1.630884e+03 
  615.000  1.708075e+03 
  616.000  1.623217e+03 
  617.000  1.631616e+03 
  618.000  1.707949e+03 
  619.000  1.691821e+03 
  620.000  1.716394e+03 
  621.000  1.745593e+03 
  622.000  1.653277e+03 
  623.000  1.666141e+03 
  624.000  1.667856e+03 
  625.000  1.622620e+03 
  626.000  1.631598e+03 
  627.000  1.665953e+03 
  628.000  1.690791e+03 
  629.000  1.703747e+03 
  630.000  1.642045e+03 
  631.000  1.693622e+03 
  632.000  1.577791e+03 
  633.000  1.683541e+03 
  634.000  1.628268e+03 
  635.000  1.655962e+03 
  636.000  1.594616e+03 
  637.000  1.644916e+03 
  638.000  1.665815e+03 
  639.000  1.650455e+03 
  640.000  1.595698e+03 
  641.000  1.617356e+03 
  642.000  1.595823e+03 
  643.000  1.624962e+03 
  644.000  1.605388e+03 
  645.000  1.621534e+03 
  646.000  1.571191e+03 
  647.000  1.600683e+03 
  648.000  1.606860e+03 
  649.000  1.629432e+03 
  650.000  1.494084e+03 
  651.000  1.608905e+03 
  652.000  1.591617e+03 
  653.000  1.606500e+03 
  654.000  1.586775e+03 
  655.000  1.550237e+03 
  656.000  1.314007e+03 
  657.000  1.399155e+03 
  658.000  1.552494e+03 
  659.000  1.552535e+03 
  660.000  1.562818e+03 
  661.000  1.565118e+03 
  662.000  1.585241e+03 
  663.000  1.567511e+03 
  664.000  1.541387e+03 
  665.000  1.547056e+03 
  666.000  1.564386e+03 
  667.000  1.532245e+03 
  668.000  1.539665e+03 
  669.000  1.560890e+03 
  670.000  1.541449e+03 
  671.000  1.524324e+03 
  672.000  1.518668e+03 
  673.000  1.528864e+03 
  674.000  1.531153e+03 
  675.000  1.507091e+03 
  676.000  1.534904e+03 
  677.000  1.503823e+03 
  678.000  1.528131e+03 
  679.000  1.506092e+03 
  680.000  1.494582e+03 
  681.000  1.496481e+03 
  682.000  1.492967e+03 
  683.000  1.502902e+03 
  684.000  1.476533e+03 
  685.000  1.491920e+03 
  686.000  1.431429e+03 
  687.000  1.498993e+03 
  688.000  1.478285e+03 
  689.000  1.487975e+03 
  690.000  1.484061e+03 
  691.000  1.474376e+03 
  692.000  1.453541e+03 
  693.000  1.456297e+03 
  694.000  1.468181e+03 
  695.000  1.438805e+03 
  696.000  1.453597e+03 
  697.000  1.450559e+03 
  698.000  1.424386e+03 
  699.000  1.455367e+03 
  700.000  1.437483e+03 
  701.000  1.406141e+03 
  702.000  1.398478e+03 
  703.000  1.414260e+03 
  704.000  1.418116e+03 
  705.000  1.430490e+03 
  706.000  1.414960e+03 
  707.000  1.393024e+03 
  708.000  1.432790e+03 
  709.000  1.380531e+03 
  710.000  1.413749e+03 
  711.000  1.398004e+03 
  712.000  1.377311e+03 
  713.000  1.372283e+03 
  714.000  1.395763e+03 
  715.000  1.348132e+03 
  716.000  1.384481e+03 
  717.000  1.352050e+03 
  718.000  1.346223e+03 
  719.000  1.331051e+03 
  720.000  1.341365e+03 
  721.000  1.335549e+03 
  722.000  1.352931e+03 
  723.000  1.350540e+03 
  724.000  1.360601e+03 
  725.000  1.345246e+03 
  726.000  1.342807e+03 
  727.000  1.362264e+03 
  728.000  1.339117e+03 
  729.000  1.285068e+03 
  730.000  1.332579e+03 
  731.000  1.310647e+03 
  732.000  1.333837e+03 
  733.000  1.311927e+03 
  734.000  1.338030e+03 
  735.000  1.327606e+03 
  736.000  1.303572e+03 
  737.000  1.320165e+03 
  738.000  1.315771e+03 
  739.000  1.272804e+03 
  740.000  1.283998e+03 
  741.000  1.273265e+03 
  742.000  1.252056e+03 
  743.000  1.288358e+03 
  744.000  1.300223e+03 
  745.000  1.266158e+03 
  746.000  1.283585e+03 
  747.000  1.303478e+03 
  748.000  1.279133e+03 
  749.000  1.279215e+03 
  750.000  1.260496e+03 
  751.000  1.257141e+03 
  752.000  1.276045e+03 
  753.000  1.263808e+03 
  754.000  1.283435e+03 
  755.000  1.275952e+03 
  756.000  1.250853e+03 
  757.000  1.259921e+03 
  758.000  1.259293e+03 
  759.000  1.239422e+03 
  760.000  1.250544e+03 
  761.000  1.251181e+03 
  762.000  1.217083e+03 
  763.000  1.254361e+03 
  764.000  1.256230e+03 
  765.000  1.256227e+03 
  766.000  1.184626e+03 
  767.000  1.193615e+03 
  768.000  1.234263e+03 
  769.000  1.225020e+03 
  770.000  1.214996e+03 
  771.000  1.214041e+03 
  772.000  1.208777e+03 
  773.000  1.203581e+03 
  774.000  1.215905e+03 
  775.000  1.169940e+03 
  776.000  1.217925e+03 
  777.000  1.209446e+03 
  778.000  1.203022e+03 
  779.000  1.207018e+03 
  780.000  1.192169e+03 
  781.000  1.189990e+03 
  782.000  1.204427e+03 
  783.000  1.176364e+03 
  784.000  1.183178e+03 
  785.000  1.187141e+03 
  786.000  1.167836e+03 
  787.000  1.187544e+03 
  788.000  1.170982e+03 
  789.000  1.182074e+03 
  790.000  1.170463e+03 
  791.000  1.163722e+03 
  792.000  1.144671e+03 
  793.000  1.142021e+03 
  794.000  1.126918e+03 
  795.000  1.122888e+03 
  796.000  1.147464e+03 
  797.000  1.153167e+03 
  798.000  1.150393e+03 
  799.000  1.150295e+03 
  800.000  1.122846e+03 
  801.000  1.143448e+03 
  802.000  1.141528e+03 
  803.000  1.124863e+03 
  804.000  1.133956e+03 
  805.000  1.100889e+03 
  806.000  1.129462e+03 
  807.000  1.122699e+03 
  808.000  1.116544e+03 
  809.000  1.098470e+03 
  810.000  1.094363e+03 
  811.000  1.113523e+03 
  812.000  1.111749e+03 
  813.000  1.109336e+03 
  814.000  1.110600e+03 
  815.000  1.101819e+03 
  816.000  1.095650e+03 
  817.000  1.102084e+03 
  818.000  1.095074e+03 
  819.000  1.064536e+03 
  820.000  1.040847e+03 
  821.000  1.071853e+03 
  822.000  1.044295e+03 
  823.000  1.065401e+03 
  824.000  1.075626e+03 
  825.000  1.069741e+03 
  826.000  1.077287e+03 
  827.000  1.074338e+03 
  828.000  1.075042e+03 
  829.000  1.073461e+03 
  830.000  1.055284e+03 
  831.000  1.036488e+03 
  832.000  1.057574e+03 
  833.000  1.023966e+03 
  834.000  1.038171e+03 
  835.000  1.037630e+03 
  836.000  1.050631e+03 
  837.000  1.042047e+03 
  838.000  1.044394e+03 
  839.000  1.010906e+03 
  840.000  1.037634e+03 
  841.000  1.041581e+03 
  842.000  1.033996e+03 
  843.000  1.024191e+03 
  844.000  1.005974e+03 
  845.000  1.020646e+03 
  846.000  1.029042e+03 
  847.000  9.928185e+02 
  848.000  1.023444e+03 
  849.000  1.025150e+03 
  850.000  8.869801e+02 
  851.000  1.017022e+03 
  852.000  9.783857e+02 
  853.000  9.882905e+02 
  854.000  7.946242e+02 
  855.000  8.740909e+02 
  856.000  9.901917e+02 
  857.000  1.005230e+03 
  858.000  9.887412e+02 
  859.000  9.876736e+02 
  860.000  9.783747e+02 
  861.000  9.781928e+02 
  862.000  9.747073e+02 
  863.000  9.933241e+02 
  864.000  9.911499e+02 
  865.000  9.725365e+02 
  866.000  8.157494e+02 
  867.000  8.687305e+02 
  868.000  9.421606e+02 
  869.000  9.289130e+02 
  870.000  9.672943e+02 
  871.000  9.658958e+02 
  872.000  9.619107e+02 
  873.000  9.659166e+02 
  874.000  9.448353e+02 
  875.000  9.361821e+02 
  876.000  9.442054e+02 
  877.000  9.631658e+02 
  878.000  9.473494e+02 
  879.000  9.495973e+02 
  880.000  9.447311e+02 
  881.000  8.959542e+02 
  882.000  9.457814e+02 
  883.000  9.239012e+02 
  884.000  9.316352e+02 
  885.000  9.424667e+02 
  886.000  9.131570e+02 
  887.000  9.026729e+02 
  888.000  9.297889e+02 
  889.000  9.356547e+02 
  890.000  9.335635e+02 
  891.000  9.301691e+02 
  892.000  9.296616e+02 
  893.000  9.007715e+02 
  894.000  9.338432e+02 
  895.000  8.944748e+02 
  896.000  9.308341e+02 
  897.000  9.104133e+02 
  898.000  9.124279e+02 
  899.000  9.129701e+02 
  900.000  8.899534e+02 
  901.000  8.712403e+02 
  902.000  8.551057e+02 
  903.000  8.988968e+02 
  904.000  9.100487e+02 
  905.000  9.076656e+02 
  906.000  8.844309e+02 
  907.000  9.008853e+02 
  908.000  8.774794e+02 
  909.000  8.624746e+02 
  910.000  8.726295e+02 
  911.000  8.695962e+02 
  912.000  8.717640e+02 
  913.000  8.936482e+02 
  914.000  8.871856e+02 
  915.000  8.709429e+02 
  916.000  8.814876e+02 
  917.000  8.674168e+02 
  918.000  8.626557e+02 
  919.000  8.728144e+02 
  920.000  8.635989e+02 
  921.000  8.449105e+02 
  922.000  8.373543e+02 
  923.000  8.024752e+02 
  924.000  8.369858e+02 
  925.000  8.481872e+02 
  926.000  8.178727e+02 
  927.000  8.489627e+02 
  928.000  8.553098e+02 
  929.000  8.448837e+02 
  930.000  8.448514e+02 
  931.000  8.470684e+02 
  932.000  8.423420e+02 
  933.000  8.477255e+02 
  934.000  8.440354e+02 
  935.000  8.319037e+02 
  936.000  8.243171e+02 
  937.000  8.431802e+02 
  938.000  8.304333e+02 
  939.000  8.293822e+02 
  940.000  8.240754e+02 
  941.000  8.063158e+02 
  942.000  7.777301e+02 
  943.000  8.239170e+02 
  944.000  8.015709e+02 
  945.000  8.075126e+02 
  946.000  8.183982e+02 
  947.000  8.121179e+02 
  948.000  8.162096e+02 
  949.000  8.189487e+02 
  950.000  8.133662e+02 
  951.000  8.068699e+02 
  952.000  8.086455e+02 
  953.000  8.051776e+02 
  954.000  7.961260e+02 
  955.000  7.447092e+02 
  956.000  7.947331e+02 
  957.000  7.911478e+02 
  958.000  7.968915e+02 
  959.000  8.005186e+02 
  960.000  7.931410e+02 
  961.000  7.849206e+02 
  962.000  7.885836e+02 
  963.000  7.853454e+02 
  964.000  7.761702e+02 
  965.000  7.858253e+02 
  966.000  7.630429e+02 
  967.000  7.846683e+02 
  968.000  7.743273e+02 
  969.000  7.783212e+02 
  970.000  7.804136e+02 
  971.000  7.734990e+02 
  972.000  7.791690e+02 
  973.000  7.724710e+02 
  974.000  7.612159e+02 
  975.000  7.654058e+02 
  976.000  7.742167e+02 
  977.000  7.538078e+02 
  978.000  7.724966e+02 
  979.000  7.498856e+02 
  980.000  7.596154e+02 
  981.000  7.647224e+02 
  982.000  7.632387e+02 
  983.000  7.607972e+02 
  984.000  7.553229e+02 
  985.000  7.547526e+02 
  986.000  7.483141e+02 
  987.000  7.567081e+02 
  988.000  7.473469e+02 
  989.000  7.378341e+02 
  990.000  7.440796e+02 
  991.000  7.500136e+02 
  992.000  7.430457e+02 
  993.000  7.430043e+02 
  994.000  7.466295e+02 
  995.000  7.410259e+02 
  996.000  7.408736e+02 
  997.000  7.417482e+02 
  998.000  7.390916e+02 
  999.000  7.372689e+02 
 1000.000  7.313645e+02 
 1001.000  7.356546e+02 
 1002.000  7.350603e+02 
 1003.000  7.263807e+02 
 1004.000  7.200599e+02 
 1005.000  6.724414e+02 
 1006.000  7.077047e+02 
 1007.000  7.206963e+02 
 1008.000  7.241492e+02 
 1009.000  7.202812e+02 
 1010.000  7.227395e+02 
 1011.000  7.182583e+02 
 1012.000  7.182897e+02 
 1013.000  7.128777e+02 
 1014.000  7.173826e+02 
 1015.000  7.041213e+02 
 1016.000  7.085339e+02 
 1017.000  7.014890e+02 
 1018.000  7.107770e+02 
 1019.000  6.948676e+02 
 1020.000  6.932922e+02 
 1021.000  6.999373e+02 
 1022.000  6.898601e+02 
 1023.000  7.034761e+02 
 1024.000  7.001125e+02 
 1025.000  6.991817e+02 
 1026.000  6.996921e+02 
 1027.000  6.956241e+02 
 1028.000  6.971731e+02 
 1029.000  6.862033e+02 
 1030.000  6.927702e+02 
 1031.000  6.903978e+02 
 1032.000  6.878535e+02 
 1033.000  6.751794e+02 
 1034.000  6.822338e+02 
 1035.000  6.749530e+02 
 1036.000  6.838108e+02 
 1037.000  6.694362e+02 
 1038.000  6.760046e+02 
 1039.000  6.788915e+02 
 1040.000  6.709726e+02 
 1041.000  6.746078e+02 
 1042.000  6.766215e+02 
 1043.000  6.649523e+02 
 1044.000  6.716287e+02 
 1045.000  6.690100e+02 
 1046.000  6.497030e+02 
 1047.000  6.618352e+02 
 1048.000  6.687364e+02 
 1049.000  6.647539e+02 
 1050.000  6.610327e+02 
 1051.000  6.614095e+02 
 1052.000  6.585569e+02 
 1053.000  6.589000e+02 
 1054.000  6.524707e+02 
 1055.000  6.576129e+02 
 1056.000  6.561874e+02 
 1057.000  6.557816e+02 
 1058.000  6.501735e+02 
 1059.000  6.297098e+02 
 1060.000  6.518303e+02 
 1061.000  6.291694e+02 
 1062.000  6.474603e+02 
 1063.000  6.368477e+02 
 1064.000  6.458202e+02 
 1065.000  6.456339e+02 
 1066.000  6.257564e+02 
 1067.000  6.410345e+02 
 1068.000  6.395826e+02 
 1069.000  5.917041e+02 
 1070.000  6.265339e+02 
 1071.000  6.282177e+02 
 1072.000  6.308074e+02 
 1073.000  6.101072e+02 
 1074.000  6.313606e+02 
 1075.000  6.107804e+02 
 1076.000  6.246806e+02 
 1077.000  6.240648e+02 
 1078.000  6.267749e+02 
 1079.000  6.025409e+02 
 1080.000  6.227630e+02 
 1081.000  6.000215e+02 
 1082.000  6.066259e+02 
 1083.000  5.914319e+02 
 1084.000  6.152982e+02 
 1085.000  6.102610e+02 
 1086.000  6.174753e+02 
 1087.000  5.764107e+02 
 1088.000  6.112876e+02 
 1089.000  5.917703e+02 
 1090.000  6.053529e+02 
 1091.000  6.085068e+02 
 1092.000  5.962697e+02 
 1093.000  5.930324e+02 
 1094.000  5.413193e+02 
 1095.000  5.856211e+02 
 1096.000  5.829563e+02 
 1097.000  5.758748e+02 
 1098.000  5.758814e+02 
 1099.000  5.820378e+02 
 1100.000  5.915867e+02 
 1101.000  5.896991e+02 
 1102.000  5.654783e+02 
 1103.000  5.874327e+02 
 1104.000  5.838597e+02 
 1105.000  5.847180e+02 
 1106.000  5.815436e+02 
 1107.000  5.803514e+02 
 1108.000  5.781118e+02 
 1109.000  5.792278e+02 
 1110.000  5.821850e+02 
 1111.000  5.753354e+02 
 1112.000  5.711253e+02 
 1113.000  5.703260e+02 
 1114.000  5.767295e+02 
 1115.000  5.725197e+02 
 1116.000  5.663353e+02 
 1117.000  5.753293e+02 
 1118.000  5.728687e+02 
 1119.000  5.583211e+02 
 1120.000  5.617902e+02 
 1121.000  5.657905e+02 
 1122.000  5.661413e+02 
 1123.000  5.669248e+02 
 1124.000  5.668962e+02 
 1125.000  5.556222e+02 
 1126.000  5.452138e+02 
 1127.000  5.634901e+02 
 1128.000  5.528652e+02 
 1129.000  5.538070e+02 
 1130.000  5.497905e+02 
 1131.000  5.544631e+02 
 1132.000  5.573653e+02 
 1133.000  5.466382e+02 
 1134.000  5.490176e+02 
 1135.000  5.554090e+02 
 1136.000  5.492041e+02 
 1137.000  5.537183e+02 
 1138.000  5.320968e+02 
 1139.000  5.434635e+02 
 1140.000  5.454007e+02 
 1141.000  5.307483e+02 
 1142.000  5.454863e+02 
 1143.000  5.368609e+02 
 1144.000  5.345030e+02 
 1145.000  5.398239e+02 
 1146.000  5.448837e+02 
 1147.000  5.458272e+02 
 1148.000  5.393942e+02 
 1149.000  5.405387e+02 
 1150.000  5.382109e+02 
 1151.000  5.358530e+02 
 1152.000  5.345333e+02 
 1153.000  5.330984e+02 
 1154.000  5.360471e+02 
 1155.000  5.383425e+02 
 1156.000  5.299929e+02 
 1157.000  5.329358e+02 
 1158.000  5.323891e+02 
 1159.000  5.242740e+02 
 1160.000  5.173254e+02 
 1161.000  5.055795e+02 
 1162.000  5.234802e+02 
 1163.000  5.251420e+02 
 1164.000  5.143587e+02 
 1165.000  5.242848e+02 
 1166.000  5.105583e+02 
 1167.000  5.188134e+02 
 1168.000  5.233812e+02 
 1169.000  5.051703e+02 
 1170.000  5.187135e+02 
 1171.000  5.209838e+02 
 1172.000  5.194113e+02 
 1173.000  5.159120e+02 
 1174.000  5.161524e+02 
 1175.000  5.098422e+02 
 1176.000  4.973068e+02 
 1177.000  5.127622e+02 
 1178.000  5.043166e+02 
 1179.000  5.020863e+02 
 1180.000  5.091573e+02 
 1181.000  5.068468e+02 
 1182.000  5.077655e+02 
 1183.000  4.781355e+02 
 1184.000  4.996379e+02 
 1185.000  5.059251e+02 
 1186.000  5.029872e+02 
 1187.000  5.035212e+02 
 1188.000  5.009990e+02 
 1189.000  4.715155e+02 
 1190.000  4.941745e+02 
 1191.000  5.017425e+02 
 1192.000  4.988002e+02 
 1193.000  4.990383e+02 
 1194.000  4.981240e+02 
 1195.000  4.927504e+02 
 1196.000  4.923999e+02 
 1197.000  4.923960e+02 
 1198.000  4.758492e+02 
 1199.000  4.583220e+02 
 1200.000  4.871831e+02 
 1201.000  4.906812e+02 
 1202.000  4.923091e+02 
 1203.000  4.688463e+02 
 1204.000  4.769198e+02 
 1205.000  4.875610e+02 
 1206.000  4.842679e+02 
 1207.000  4.873177e+02 
 1208.000  4.801107e+02 
 1209.000  4.500507e+02 
 1210.000  4.813820e+02 
 1211.000  4.651969e+02 
 1212.000  4.796041e+02 
 1213.000  4.810637e+02 
 1214.000  4.789731e+02 
 1215.000  4.805487e+02 
 1216.000  4.791465e+02 
 1217.000  4.783392e+02 
 1218.000  4.769755e+02 
 1219.000  4.727718e+02 
 1220.000  4.758431e+02 
 1221.000  4.746945e+02 
 1222.000  4.718659e+02 
 1223.000  4.695080e+02 
 1224.000  4.726173e+02 
 1225.000  4.698217e+02 
 1226.000  4.713003e+02 
 1227.000  4.549670e+02 
 1228.000  4.687918e+02 
 1229.000  4.679364e+02 
 1230.000  4.659705e+02 
 1231.000  4.657741e+02 
 1232.000  4.604772e+02 
 1233.000  4.641263e+02 
 1234.000  4.623397e+02 
 1235.000  4.589925e+02 
 1236.000  4.616097e+02 
 1237.000  4.614638e+02 
 1238.000  4.611467e+02 
 1239.000  4.558868e+02 
 1240.000  4.538654e+02 
 1241.000  4.580621e+02 
 1242.000  4.555723e+02 
 1243.000  4.506660e+02 
 1244.000  4.468511e+02 
 1245.000  4.547349e+02 
 1246.000  4.514457e+02 
 1247.000  4.493838e+02 
 1248.000  4.532624e+02 
 1249.000  4.518281e+02 
 1250.000  4.503428e+02 
 1251.000  4.476035e+02 
 1252.000  4.465975e+02 
 1253.000  4.432469e+02 
 1254.000  4.450575e+02 
 1255.000  4.448240e+02 
 1256.000  4.444156e+02 
 1257.000  4.400284e+02 
 1258.000  4.433500e+02 
 1259.000  4.396124e+02 
 1260.000  4.414291e+02 
 1261.000  4.419054e+02 
 1262.000  4.343396e+02 
 1263.000  4.404190e+02 
 1264.000  4.341423e+02 
 1265.000  4.350627e+02 
 1266.000  4.386225e+02 
 1267.000  4.313880e+02 
 1268.000  4.284759e+02 
 1269.000  4.331122e+02 
 1270.000  4.341678e+02 
 1271.000  4.348936e+02 
 1272.000  4.324775e+02 
 1273.000  4.314254e+02 
 1274.000  4.280731e+02 
 1275.000  4.300576e+02 
 1276.000  4.303243e+02 
 1277.000  4.295100e+02 
 1278.000  4.276366e+02 
 1279.000  4.244379e+02 
 1280.000  4.216303e+02 
 1281.000  4.092769e+02 
 1282.000  3.632350e+02 
 1283.000  3.982613e+02 
 1284.000  4.145846e+02 
 1285.000  4.174865e+02 
 1286.000  4.172499e+02 
 1287.000  4.197750e+02 
 1288.000  4.172652e+02 
 1289.000  4.197652e+02 
 1290.000  4.101157e+02 
 1291.000  4.156137e+02 
 1292.000  4.172344e+02 
 1293.000  4.175343e+02 
 1294.000  4.109474e+02 
 1295.000  4.154800e+02 
 1296.000  4.158946e+02 
 1297.000  4.133933e+02 
 1298.000  4.096254e+02 
 1299.000  4.136866e+02 
 1300.000  4.120436e+02 
 1301.000  4.113884e+02 
 1302.000  4.061613e+02 
 1303.000  4.041944e+02 
 1304.000  4.045627e+02 
 1305.000  4.070619e+02 
 1306.000  4.073361e+02 
 1307.000  4.061752e+02 
 1308.000  4.061372e+02 
 1309.000  4.059997e+02 
 1310.000  4.043457e+02 
 1311.000  4.031399e+02 
 1312.000  4.022614e+02 
 1313.000  3.865578e+02 
 1314.000  4.002779e+02 
 1315.000  3.866640e+02 
 1316.000  3.953790e+02 
 1317.000  3.995599e+02 
 1318.000  3.942925e+02 
 1319.000  4.002100e+02 
 1320.000  3.978434e+02 
 1321.000  3.962986e+02 
 1322.000  3.949668e+02 
 1323.000  3.953372e+02 
 1324.000  3.953047e+02 
 1325.000  3.940969e+02 
 1326.000  3.926261e+02 
 1327.000  3.903818e+02 
 1328.000  3.924368e+02 
 1329.000  3.802482e+02 
 1330.000  3.869526e+02 
 1331.000  3.893057e+02 
 1332.000  3.801591e+02 
 1333.000  3.896851e+02 
 1334.000  3.894161e+02 
 1335.000  3.892570e+02 
 1336.000  3.848681e+02 
 1337.000  3.859482e+02 
 1338.000  3.853413e+02 
 1339.000  3.808248e+02 
 1340.000  3.778032e+02 
 1341.000  3.832850e+02 
 1342.000  3.823007e+02 
 1343.000  3.827146e+02 
 1344.000  3.818797e+02 
 1345.000  3.821115e+02 
 1346.000  3.780917e+02 
 1347.000  3.811487e+02 
 1348.000  3.793207e+02 
 1349.000  3.784173e+02 
 1350.000  3.738378e+02 
 1351.000  3.738437e+02 
 1352.000  3.783366e+02 
 1353.000  3.765498e+02 
 1354.000  3.750972e+02 
 1355.000  3.714225e+02 
 1356.000  3.698134e+02 
 1357.000  3.657832e+02 
 1358.000  3.719444e+02 
 1359.000  3.714167e+02 
 1360.000  3.646441e+02 
 1361.000  3.722610e+02 
 1362.000  3.704717e+02 
 1363.000  3.632992e+02 
 1364.000  3.682455e+02 
 1365.000  3.666673e+02 
 1366.000  3.665831e+02 
 1367.000  3.634003e+02 
 1368.000  3.669774e+02 
 1369.000  3.595965e+02 
 1370.000  3.596004e+02 
 1371.000  3.600716e+02 
 1372.000  3.645265e+02 
 1373.000  3.635956e+02 
 1374.000  3.646301e+02 
 1375.000  3.581299e+02 
 1376.000  3.537838e+02 
 1377.000  3.592676e+02 
 1378.000  3.574102e+02 
 1379.000  3.617484e+02 
 1380.000  3.578746e+02 
 1381.000  3.592021e+02 
 1382.000  3.534603e+02 
 1383.000  3.570790e+02 
 1384.000  3.565952e+02 
 1385.000  3.533156e+02 
 1386.000  3.570955e+02 
 1387.000  3.521555e+02 
 1388.000  3.548297e+02 
 1389.000  3.557679e+02 
 1390.000  3.488589e+02 
 1391.000  3.538671e+02 
 1392.000  3.529618e+02 
 1393.000  3.518345e+02 
 1394.000  3.483177e+02 
 1395.000  3.480496e+02 
 1396.000  3.505029e+02 
 1397.000  3.503144e+02 
 1398.000  3.500800e+02 
 1399.000  3.492777e+02 
 1400.000  3.397888e+02 
 1401.000  3.409255e+02 
 1402.000  3.459055e+02 
 1403.000  3.432724e+02 
 1404.000  3.415819e+02 
 1405.000  3.417745e+02 
 1406.000  3.425483e+02 
 1407.000  3.431250e+02 
 1408.000  3.411135e+02 
 1409.000  3.428401e+02 
 1410.000  3.408612e+02 
 1411.000  3.411797e+02 
 1412.000  3.277451e+02 
 1413.000  3.333665e+02 
 1414.000  3.382109e+02 
 1415.000  3.368675e+02 
 1416.000  3.350123e+02 
 1417.000  3.375814e+02 
 1418.000  3.375808e+02 
 1419.000  3.328707e+02 
 1420.000  3.317102e+02 
 1421.000  3.357777e+02 
 1422.000  3.275222e+02 
 1423.000  3.254054e+02 
 1424.000  3.257833e+02 
 1425.000  3.327240e+02 
 1426.000  3.191883e+02 
 1427.000  3.237455e+02 
 1428.000  3.308100e+02 
 1429.000  3.237039e+02 
 1430.000  3.189270e+02 
 1431.000  3.222875e+02 
 1432.000  3.304017e+02 
 1433.000  3.304165e+02 
 1434.000  3.233312e+02 
 1435.000  3.257524e+02 
 1436.000  3.253728e+02 
 1437.000  3.266213e+02 
 1438.000  3.247151e+02 
 1439.000  3.277884e+02 
 1440.000  3.062722e+02 
 1441.000  3.206524e+02 
 1442.000  3.127553e+02 
 1443.000  3.179458e+02 
 1444.000  3.186665e+02 
 1445.000  3.171919e+02 
 1446.000  3.196372e+02 
 1447.000  3.172536e+02 
 1448.000  3.192230e+02 
 1449.000  3.190305e+02 
 1450.000  3.172627e+02 
 1451.000  3.146983e+02 
 1452.000  3.098799e+02 
 1453.000  3.142306e+02 
 1454.000  3.141219e+02 
 1455.000  3.092816e+02 
 1456.000  3.084549e+02 
 1457.000  3.112655e+02 
 1458.000  3.154409e+02 
 1459.000  3.171103e+02 
 1460.000  3.121759e+02 
 1461.000  3.117702e+02 
 1462.000  3.090463e+02 
 1463.000  3.069342e+02 
 1464.000  3.068815e+02 
 1465.000  3.109741e+02 
 1466.000  3.042629e+02 
 1467.000  3.120316e+02 
 1468.000  3.049962e+02 
 1469.000  3.094664e+02 
 1470.000  3.082129e+02 
 1471.000  3.023597e+02 
 1472.000  3.028822e+02 
 1473.000  3.038561e+02 
 1474.000  2.942986e+02 
 1475.000  3.006161e+02 
 1476.000  3.010813e+02 
 1477.000  3.023364e+02 
 1478.000  2.983755e+02 
 1479.000  3.022568e+02 
 1480.000  3.036954e+02 
 1481.000  2.985320e+02 
 1482.000  3.018527e+02 
 1483.000  2.954184e+02 
 1484.000  2.982173e+02 
 1485.000  3.039144e+02 
 1486.000  2.985793e+02 
 1487.000  2.980293e+02 
 1488.000  2.605434e+02 
 1489.000  2.981599e+02 
 1490.000  2.980555e+02 
 1491.000  3.006805e+02 
 1492.000  2.936273e+02 
 1493.000  3.000902e+02 
 1494.000  2.989343e+02 
 1495.000  2.966768e+02 
 1496.000  2.875191e+02 
 1497.000  2.942745e+02 
 1498.000  2.969209e+02 
 1499.000  2.915597e+02 
 1500.000  2.963259e+02 
 1501.000  2.959226e+02 
 1502.000  2.937561e+02 
 1503.000  2.638179e+02 
 1504.000  2.748047e+02 
 1505.000  2.737313e+02 
 1506.000  2.774162e+02 
 1507.000  2.899727e+02 
 1508.000  2.853183e+02 
 1509.000  2.864677e+02 
 1510.000  2.908731e+02 
 1511.000  2.921248e+02 
 1512.000  2.866180e+02 
 1513.000  2.860972e+02 
 1514.000  2.821884e+02 
 1515.000  2.876630e+02 
 1516.000  2.849841e+02 
 1517.000  2.832514e+02 
 1518.000  2.883864e+02 
 1519.000  2.840053e+02 
 1520.000  2.856426e+02 
 1521.000  2.801449e+02 
 1522.000  2.784993e+02 
 1523.000  2.852832e+02 
 1524.000  2.833266e+02 
 1525.000  2.771073e+02 
 1526.000  2.849796e+02 
 1527.000  2.819368e+02 
 1528.000  2.837238e+02 
 1529.000  2.828079e+02 
 1530.000  2.646757e+02 
 1531.000  2.829867e+02 
 1532.000  2.813497e+02 
 1533.000  2.800435e+02 
 1534.000  2.755926e+02 
 1535.000  2.762064e+02 
 1536.000  2.798998e+02 
 1537.000  2.804210e+02 
 1538.000  2.724387e+02 
 1539.000  2.779800e+02 
 1540.000  2.677731e+02 
 1541.000  2.732021e+02 
 1542.000  2.748270e+02 
 1543.000  2.736611e+02 
 1544.000  2.765798e+02 
 1545.000  2.768548e+02 
 1546.000  2.764658e+02 
 1547.000  2.733225e+02 
 1548.000  2.649647e+02 
 1549.000  2.717540e+02 
 1550.000  2.702113e+02 
 1551.000  2.687811e+02 
 1552.000  2.733568e+02 
 1553.000  2.718943e+02 
 1554.000  2.618665e+02 
 1555.000  2.660392e+02 
 1556.000  2.608239e+02 
 1557.000  2.692702e+02 
 1558.000  2.672546e+02 
 1559.000  2.673871e+02 
 1560.000  2.627666e+02 
 1561.000  2.690342e+02 
 1562.000  2.691935e+02 
 1563.000  2.653385e+02 
 1564.000  2.605785e+02 
 1565.000  2.655034e+02 
 1566.000  2.604718e+02 
 1567.000  2.619199e+02 
 1568.000  2.585008e+02 
 1569.000  2.617600e+02 
 1570.000  2.567351e+02 
 1571.000  2.636151e+02 
 1572.000  2.641404e+02 
 1573.000  2.595077e+02 
 1574.000  2.593442e+02 
 1575.000  2.402701e+02 
 1576.000  2.581295e+02 
 1577.000  2.328819e+02 
 1578.000  2.545609e+02 
 1579.000  2.553604e+02 
 1580.000  2.594012e+02 
 1581.000  2.576827e+02 
 1582.000  2.511631e+02 
 1583.000  2.530270e+02 
 1584.000  2.497208e+02 
 1585.000  2.563193e+02 
 1586.000  2.531008e+02 
 1587.000  2.497913e+02 
 1588.000  2.456130e+02 
 1589.000  2.245818e+02 
 1590.000  2.419412e+02 
 1591.000  2.365353e+02 
 1592.000  2.491421e+02 
 1593.000  2.547875e+02 
 1594.000  2.531413e+02 
 1595.000  2.551774e+02 
 1596.000  2.390351e+02 
 1597.000  2.493469e+02 
 1598.000  2.548849e+02 
 1599.000  2.472957e+02 
 1600.000  2.521603e+02 
 1601.000  2.415449e+02 
 1602.000  2.479805e+02 
 1603.000  2.459459e+02 
 1604.000  2.486353e+02 
 1605.000  2.449583e+02 
 1606.000  2.438259e+02 
 1607.000  2.449178e+02 
 1608.000  2.477389e+02 
 1609.000  2.467867e+02 
 1610.000  2.312579e+02 
 1611.000  2.375217e+02 
 1612.000  2.390248e+02 
 1613.000  2.436394e+02 
 1614.000  2.412478e+02 
 1615.000  2.446451e+02 
 1616.000  2.289349e+02 
 1617.000  2.352871e+02 
 1618.000  2.426174e+02 
 1619.000  2.415316e+02 
 1620.000  2.351779e+02 
 1621.000  2.315218e+02 
 1622.000  2.373489e+02 
 1623.000  2.420040e+02 
 1624.000  2.436242e+02 
 1625.000  2.374785e+02 
 1626.000  2.404029e+02 
 1627.000  2.400976e+02 
 1628.000  2.420441e+02 
 1629.000  2.420143e+02 
 1630.000  2.354448e+02 
 1631.000  2.391265e+02 
 1632.000  2.392020e+02 
 1633.000  2.361676e+02 
 1634.000  2.307405e+02 
 1635.000  2.369266e+02 
 1636.000  2.364547e+02 
 1637.000  2.261307e+02 
 1638.000  2.244810e+02 
 1639.000  2.224478e+02 
 1640.000  2.239345e+02 
 1641.000  2.226080e+02 
 1642.000  2.223282e+02 
 1643.000  2.280264e+02 
 1644.000  2.244460e+02 
 1645.000  2.249048e+02 
 1646.000  2.276066e+02 
 1647.000  2.297416e+02 
 1648.000  2.288678e+02 
 1649.000  2.236156e+02 
 1650.000  2.292841e+02 
 1651.000  2.240434e+02 
 1652.000  2.284030e+02 
 1653.000  2.256994e+02 
 1654.000  2.282307e+02 
 1655.000  2.235309e+02 
 1656.000  2.277278e+02 
 1657.000  2.260733e+02 
 1658.000  2.272058e+02 
 1659.000  2.229773e+02 
 1660.000  2.257263e+02 
 1661.000  2.265993e+02 
 1662.000  2.252003e+02 
 1663.000  2.239235e+02 
 1664.000  2.231151e+02 
 1665.000  2.208485e+02 
 1666.000  2.197737e+02 
 1667.000  2.213444e+02 
 1668.000  2.175951e+02 
 1669.000  2.177733e+02 
 1670.000  2.221764e+02 
 1671.000  2.205818e+02 
 1672.000  2.101437e+02 
 1673.000  2.163377e+02 
 1674.000  2.173598e+02 
 1675.000  2.153397e+02 
 1676.000  2.119428e+02 
 1677.000  2.129562e+02 
 1678.000  2.140297e+02 
 1679.000  2.111032e+02 
 1680.000  2.037222e+02 
 1681.000  1.965776e+02 
 1682.000  2.022513e+02 
 1683.000  2.073185e+02 
 1684.000  2.111832e+02 
 1685.000  2.120105e+02 
 1686.000  2.094646e+02 
 1687.000  2.106322e+02 
 1688.000  2.110237e+02 
 1689.000  2.084881e+02 
 1690.000  2.086910e+02 
 1691.000  2.114000e+02 
 1692.000  2.117907e+02 
 1693.000  2.109809e+02 
 1694.000  2.106625e+02 
 1695.000  2.108908e+02 
 1696.000  2.096532e+02 
 1697.000  2.084492e+02 
 1698.000  2.096649e+02 
 1699.000  2.083168e+02 
 1700.000  2.056170e+02 
 1701.000  2.057350e+02 
 1702.000  2.050559e+02 
 1703.000  2.011643e+02 
 1704.000  2.052753e+02 
 1705.000  2.062061e+02 
 1706.000  2.041214e+02 
 1707.000  2.038932e+02 
 1708.000  1.981402e+02 
 1709.000  2.017622e+02 
 1710.000  2.039175e+02 
 1711.000  1.884692e+02 
 1712.000  2.016170e+02 
 1713.000  2.028860e+02 
 1714.000  2.027858e+02 
 1715.000  2.029302e+02 
 1716.000  2.017119e+02 
 1717.000  1.996794e+02 
 1718.000  1.986275e+02 
 1719.000  2.008460e+02 
 1720.000  1.974934e+02 
 1721.000  1.946089e+02 
 1722.000  1.987977e+02 
 1723.000  1.897409e+02 
 1724.000  1.926150e+02 
 1725.000  1.948939e+02 
 1726.000  1.963057e+02 
 1727.000  1.953716e+02 
 1728.000  1.911670e+02 
 1729.000  1.947336e+02 
 1730.000  1.951313e+02 
 1731.000  1.933234e+02 
 1732.000  1.918741e+02 
 1733.000  1.796716e+02 
 1734.000  1.834950e+02 
 1735.000  1.858500e+02 
 1736.000  1.768571e+02 
 1737.000  1.747371e+02 
 1738.000  1.836003e+02 
 1739.000  1.864892e+02 
 1740.000  1.877396e+02 
 1741.000  1.835911e+02 
 1742.000  1.893809e+02 
 1743.000  1.867776e+02 
 1744.000  1.898250e+02 
 1745.000  1.843115e+02 
 1746.000  1.863255e+02 
 1747.000  1.812826e+02 
 1748.000  1.880336e+02 
 1749.000  1.860562e+02 
 1750.000  1.859006e+02 
 1751.000  1.828979e+02 
 1752.000  1.845100e+02 
 1753.000  1.856110e+02 
 1754.000  1.856730e+02 
 1755.000  1.836546e+02 
 1756.000  1.855481e+02 
 1757.000  1.856815e+02 
 1758.000  1.837021e+02 
 1759.000  1.844571e+02 
 1760.000  1.838816e+02 
 1761.000  1.820238e+02 
 1762.000  1.775076e+02 
 1763.000  1.808220e+02 
 1764.000  1.796101e+02 
 1765.000  1.827437e+02 
 1766.000  1.823776e+02 
 1767.000  1.818838e+02 
 1768.000  1.792795e+02 
 1769.000  1.809389e+02 
 1770.000  1.784009e+02 
 1771.000  1.787132e+02 
 1772.000  1.800372e+02 
 1773.000  1.802519e+02 
 1774.000  1.796066e+02 
 1775.000  1.775852e+02 
 1776.000  1.773326e+02 
 1777.000  1.745650e+02 
 1778.000  1.736525e+02 
 1779.000  1.753984e+02 
 1780.000  1.758582e+02 
 1781.000  1.766381e+02 
 1782.000  1.743098e+02 
 1783.000  1.735770e+02 
 1784.000  1.737214e+02 
 1785.000  1.727581e+02 
 1786.000  1.741796e+02 
 1787.000  1.755811e+02 
 1788.000  1.751531e+02 
 1789.000  1.744787e+02 
 1790.000  1.731416e+02 
 1791.000  1.735730e+02 
 1792.000  1.718249e+02 
 1793.000  1.719025e+02 
 1794.000  1.700016e+02 
 1795.000  1.714031e+02 
 1796.000  1.714031e+02 
 1797.000  1.694230e+02 
 1798.000  1.700188e+02 
 1799.000  1.711824e+02 
 1800.000  1.702816e+02 
 1801.000  1.673624e+02 
 1802.000  1.662844e+02 
 1803.000  1.655154e+02 
 1804.000  1.685257e+02 
 1805.000  1.688811e+02 
 1806.000  1.677838e+02 
 1807.000  1.666161e+02 
 1808.000  1.659151e+02 
 1809.000  1.672675e+02 
 1810.000  1.662607e+02 
 1811.000  1.659992e+02 
 1812.000  1.645529e+02 
 1813.000  1.648804e+02 
 1814.000  1.636047e+02 
 1815.000  1.609435e+02 
 1816.000  1.587094e+02 
 1817.000  1.530712e+02 
 1818.000  1.435691e+02 
 1819.000  1.537391e+02 
 1820.000  1.582994e+02 
 1821.000  1.594126e+02 
 1822.000  1.577573e+02 
 1823.000  1.552856e+02 
 1824.000  1.615582e+02 
 1825.000  1.602987e+02 
 1826.000  1.610855e+02 
 1827.000  1.614385e+02 
 1828.000  1.606878e+02 
 1829.000  1.563528e+02 
 1830.000  1.603821e+02 
 1831.000  1.599165e+02 
 1832.000  1.600968e+02 
 1833.000  1.541994e+02 
 1834.000  1.597322e+02 
 1835.000  1.575290e+02 
 1836.000  1.577476e+02 
 1837.000  1.584648e+02 
 1838.000  1.534005e+02 
 1839.000  1.578415e+02 
 1840.000  1.544223e+02 
 1841.000  1.576739e+02 
 1842.000  1.546615e+02 
 1843.000  1.495866e+02 
 1844.000  1.553544e+02 
 1845.000  1.548426e+02 
 1846.000  1.555676e+02 
 1847.000  1.467759e+02 
 1848.000  1.510696e+02 
 1849.000  1.538978e+02 
 1850.000  1.550717e+02 
 1851.000  1.546043e+02 
 1852.000  1.538258e+02 
 1853.000  1.502977e+02 
 1854.000  1.527948e+02 
 1855.000  1.529420e+02 
 1856.000  1.469352e+02 
 1857.000  1.528059e+02 
 1858.000  1.522549e+02 
 1859.000  1.496649e+02 
 1860.000  1.478009e+02 
 1861.000  1.491559e+02 
 1862.000  1.481305e+02 
 1863.000  1.478406e+02 
 1864.000  1.481378e+02 
 1865.000  1.486430e+02 
 1866.000  1.464907e+02 
 1867.000  1.439870e+02 
 1868.000  1.446762e+02 
 1869.000  1.479611e+02 
 1870.000  1.471052e+02 
 1871.000  1.456546e+02 
 1872.000  1.443795e+02 
 1873.000  1.390572e+02 
 1874.000  1.387622e+02 
 1875.000  1.267587e+02 
 1876.000  1.177584e+02 
 1877.000  1.370638e+02 
 1878.000  1.402828e+02 
 1879.000  1.432066e+02 
 1880.000  1.400510e+02 
 1881.000  1.442253e+02 
 1882.000  1.432102e+02 
 1883.000  1.439331e+02 
 1884.000  1.431567e+02 
 1885.000  1.423068e+02 
 1886.000  1.373809e+02 
 1887.000  1.440718e+02 
 1888.000  1.420518e+02 
 1889.000  1.423155e+02 
 1890.000  1.369258e+02 
 1891.000  1.428776e+02 
 1892.000  1.384538e+02 
 1893.000  1.340229e+02 
 1894.000  1.406881e+02 
 1895.000  1.372259e+02 
 1896.000  1.352466e+02 
 1897.000  1.345760e+02 
 1898.000  1.380836e+02 
 1899.000  1.358474e+02 
 1900.000  1.393138e+02 
 1901.000  1.404532e+02 
 1902.000  1.404650e+02 
 1903.000  1.382097e+02 
 1904.000  1.369114e+02 
 1905.000  1.379992e+02 
 1906.000  1.385090e+02 
 1907.000  1.386276e+02 
 1908.000  1.359916e+02 
 1909.000  1.377741e+02 
 1910.000  1.379135e+02 
 1911.000  1.369083e+02 
 1912.000  1.327229e+02 
 1913.000  1.368383e+02 
 1914.000  1.372911e+02 
 1915.000  1.363510e+02 
 1916.000  1.351044e+02 
 1917.000  1.357791e+02 
 1918.000  1.352247e+02 
 1919.000  1.346209e+02 
 1920.000  1.299961e+02 
 1921.000  1.351891e+02 
 1922.000  1.347549e+02 
 1923.000  1.327596e+02 
 1924.000  1.345450e+02 
 1925.000  1.333399e+02 
 1926.000  1.340447e+02 
 1927.000  1.324692e+02 
 1928.000  1.311121e+02 
 1929.000  1.269477e+02 
 1930.000  1.319619e+02 
 1931.000  1.275841e+02 
 1932.000  1.314935e+02 
 1933.000  1.270114e+02 
 1934.000  1.311208e+02 
 1935.000  1.293747e+02 
 1936.000  1.311142e+02 
 1937.000  1.306389e+02 
 1938.000  1.309203e+02 
 1939.000  1.250735e+02 
 1940.000  1.273681e+02 
 1941.000  1.285877e+02 
 1942.000  1.276052e+02 
 1943.000  1.238459e+02 
 1944.000  1.172771e+02 
 1945.000  1.101782e+02 
 1946.000  1.160400e+02 
 1947.000  1.232664e+02 
 1948.000  1.254832e+02 
 1949.000  1.263399e+02 
 1950.000  1.235629e+02 
 1951.000  1.199694e+02 
 1952.000  1.241269e+02 
 1953.000  1.268233e+02 
 1954.000  1.272963e+02 
 1955.000  1.271275e+02 
 1956.000  1.257049e+02 
 1957.000  1.259308e+02 
 1958.000  1.265137e+02 
 1959.000  1.257727e+02 
 1960.000  1.248196e+02 
 1961.000  1.253344e+02 
 1962.000  1.228371e+02 
 1963.000  1.206975e+02 
 1964.000  1.208326e+02 
 1965.000  1.241428e+02 
 1966.000  1.211058e+02 
 1967.000  1.238393e+02 
 1968.000  1.242112e+02 
 1969.000  1.226501e+02 
 1970.000  1.237283e+02 
 1971.000  1.233142e+02 
 1972.000  1.221364e+02 
 1973.000  1.167034e+02 
 1974.000  1.199016e+02 
 1975.000  1.222707e+02 
 1976.000  1.221862e+02 
 1977.000  1.214252e+02 
 1978.000  1.152397e+02 
 1979.000  1.216862e+02 
 1980.000  1.177688e+02 
 1981.000  1.192112e+02 
 1982.000  1.202669e+02 
 1983.000  1.203497e+02 
 1984.000  1.189629e+02 
 1985.000  1.189055e+02 
 1986.000  1.165275e+02 
 1987.000  1.166780e+02 
 1988.000  1.198024e+02 
 1989.000  1.196645e+02 
 1990.000  1.193216e+02 
 1991.000  1.192113e+02 
 1992.000  1.175020e+02 
 1993.000  1.149834e+02 
 1994.000  1.159115e+02 
 1995.000  1.178989e+02 
 1996.000  1.178375e+02 
 1997.000  1.163142e+02 
 1998.000  1.141118e+02 
 1999.000  1.171057e+02 
 2000.000  1.171297e+02 
 2001.000  1.166468e+02 
 2002.000  1.168363e+02 
 2003.000  1.143948e+02 
 2004.000  1.142918e+02 
 2005.000  1.162772e+02 
 2006.000  1.132601e+02 
 2007.000  1.157496e+02 
 2008.000  1.156558e+02 
 2009.000  1.150095e+02 
 2010.000  1.152228e+02 
 2011.000  1.147085e+02 
 2012.000  1.145631e+02 
 2013.000  1.145216e+02 
 2014.000  1.134002e+02 
 2015.000  1.141453e+02 
 2016.000  1.139507e+02 
 2017.000  1.132907e+02 
 2018.000  1.135601e+02 
 2019.000  1.132891e+02 
 2020.000  1.124294e+02 
 2021.000  1.077441e+02 
 2022.000  1.115431e+02 
 2023.000  1.119003e+02 
 2024.000  1.119964e+02 
 2025.000  1.106490e+02 
 2026.000  1.116545e+02 
 2027.000  1.111062e+02 
 2028.000  1.114853e+02 
 2029.000  1.092331e+02 
 2030.000  1.079578e+02 
 2031.000  1.083717e+02 
 2032.000  1.101826e+02 
 2033.000  1.104038e+02 
 2034.000  1.103188e+02 
 2035.000  1.063872e+02 
 2036.000  1.088839e+02 
 2037.000  1.097853e+02 
 2038.000  1.038977e+02 
 2039.000  1.078122e+02 
 2040.000  1.086899e+02 
 2041.000  1.086415e+02 
 2042.000  1.076323e+02 
 2043.000  1.083591e+02 
 2044.000  1.083416e+02 
 2045.000  1.080461e+02 
 2046.000  1.079742e+02 
 2047.000  1.073907e+02 
 2048.000  1.069637e+02 
 2049.000  1.075488e+02 
 2050.000  1.069908e+02 
 2051.000  1.063999e+02 
 2052.000  1.060648e+02 
 2053.000  1.045715e+02 
 2054.000  1.054656e+02 
 2055.000  1.062682e+02 
 2056.000  1.059082e+02 
 2057.000  1.055014e+02 
 2058.000  1.050454e+02 
 2059.000  1.050835e+02 
 2060.000  1.045476e+02 
 2061.000  1.017810e+02 
 2062.000  1.049538e+02 
 2063.000  1.045653e+02 
 2064.000  9.832867e+01 
 2065.000  1.040946e+02 
 2066.000  1.042232e+02 
 2067.000  1.039742e+02 
 2068.000  1.030947e+02 
 2069.000  1.036524e+02 
 2070.000  1.001765e+02 
 2071.000  1.028349e+02 
 2072.000  1.016582e+02 
 2073.000  1.028851e+02 
 2074.000  1.027323e+02 
 2075.000  1.025418e+02 
 2076.000  1.024265e+02 
 2077.000  1.020317e+02 
 2078.000  1.020095e+02 
 2079.000  1.003126e+02 
 2080.000  1.012275e+02 
 2081.000  1.002428e+02 
 2082.000  1.010001e+02 
 2083.000  9.923736e+01 
 2084.000  9.934041e+01 
 2085.000  1.001697e+02 
 2086.000  1.002800e+02 
 2087.000  1.002329e+02 
 2088.000  1.000922e+02 
 2089.000  1.002349e+02 
 2090.000  9.969151e+01 
 2091.000  9.894746e+01 
 2092.000  9.517258e+01 
 2093.000  9.813362e+01 
 2094.000  9.905865e+01 
 2095.000  9.555212e+01 
 2096.000  9.842920e+01 
 2097.000  9.792594e+01 
 2098.000  9.779320e+01 
 2099.000  9.767433e+01 
 2100.000  9.793503e+01 
 2101.000  9.721197e+01 
 2102.000  9.787693e+01 
 2103.000  9.638510e+01 
 2104.000  9.749186e+01 
 2105.000  9.741122e+01 
 2106.000  9.738426e+01 
 2107.000  9.709370e+01 
 2108.000  9.686845e+01 
 2109.000  9.637323e+01 
 2110.000  9.417289e+01 
 2111.000  9.636732e+01 
 2112.000  9.603902e+01 
 2113.000  9.555255e+01 
 2114.000  9.585059e+01 
 2115.000  9.574046e+01 
 2116.000  9.508717e+01 
 2117.000  9.270020e+01 
 2118.000  9.484571e+01 
 2119.000  9.515992e+01 
 2120.000  9.288295e+01 
 2121.000  9.445753e+01 
 2122.000  9.364474e+01 
 2123.000  9.370763e+01 
 2124.000  9.180966e+01 
 2125.000  9.379411e+01 
 2126.000  9.374392e+01 
 2127.000  9.211325e+01 
 2128.000  9.353704e+01 
 2129.000  9.332737e+01 
 2130.000  9.267995e+01 
 2131.000  9.323972e+01 
 2132.000  9.307333e+01 
 2133.000  9.278630e+01 
 2134.000  9.250740e+01 
 2135.000  9.249387e+01 
 2136.000  8.911833e+01 
 2137.000  9.212793e+01 
 2138.000  9.210951e+01 
 2139.000  9.164908e+01 
 2140.000  9.157363e+01 
 2141.000  9.166025e+01 
 2142.000  9.140139e+01 
 2143.000  9.094526e+01 
 2144.000  9.106435e+01 
 2145.000  9.015827e+01 
 2146.000  8.952316e+01 
 2147.000  9.043333e+01 
 2148.000  9.047399e+01 
 2149.000  9.018033e+01 
 2150.000  9.007186e+01 
 2151.000  8.992753e+01 
 2152.000  8.970811e+01 
 2153.000  8.893313e+01 
 2154.000  8.914465e+01 
 2155.000  8.911109e+01 
 2156.000  8.906888e+01 
 2157.000  8.884269e+01 
 2158.000  8.868119e+01 
 2159.000  8.827152e+01 
 2160.000  8.792624e+01 
 2161.000  8.783944e+01 
 2162.000  8.666296e+01 
 2163.000  8.659766e+01 
 2164.000  8.538554e+01 
 2165.000  8.243358e+01 
 2166.000  7.404805e+01 
 2167.000  8.082398e+01 
 2168.000  8.338274e+01 
 2169.000  8.560080e+01 
 2170.000  8.534006e+01 
 2171.000  8.608455e+01 
 2172.000  8.577444e+01 
 2173.000  8.608415e+01 
 2174.000  8.584678e+01 
 2175.000  8.595210e+01 
 2176.000  8.542561e+01 
 2177.000  8.475879e+01 
 2178.000  8.537742e+01 
 2179.000  8.233302e+01 
 2180.000  8.565718e+01 
 2181.000  8.552240e+01 
 2182.000  8.499441e+01 
 2183.000  8.290088e+01 
 2184.000  8.476479e+01 
 2185.000  8.498021e+01 
 2186.000  8.483806e+01 
 2187.000  8.472636e+01 
 2188.000  8.258936e+01 
 2189.000  8.197743e+01 
 2190.000  8.297227e+01 
 2191.000  8.422001e+01 
 2192.000  8.399072e+01 
 2193.000  8.390986e+01 
 2194.000  8.369148e+01 
 2195.000  8.344323e+01 
 2196.000  8.347069e+01 
 2197.000  8.314348e+01 
 2198.000  8.326216e+01 
 2199.000  8.314357e+01 
 2200.000  8.283526e+01 
 2201.000  8.260917e+01 
 2202.000  8.247677e+01 
 2203.000  8.248880e+01 
 2204.000  8.250450e+01 
 2205.000  8.226917e+01 
 2206.000  7.912767e+01 
 2207.000  7.812041e+01 
 2208.000  8.112265e+01 
 2209.000  7.944647e+01 
 2210.000  8.155304e+01 
 2211.000  8.148125e+01 
 2212.000  8.121854e+01 
 2213.000  8.117630e+01 
 2214.000  8.085122e+01 
 2215.000  8.092852e+01 
 2216.000  8.024921e+01 
 2217.000  7.908599e+01 
 2218.000  8.018470e+01 
 2219.000  8.044140e+01 
 2220.000  8.028636e+01 
 2221.000  8.014810e+01 
 2222.000  7.982864e+01 
 2223.000  7.984434e+01 
 2224.000  7.964730e+01 
 2225.000  7.939824e+01 
 2226.000  7.802733e+01 
 2227.000  7.824968e+01 
 2228.000  7.838932e+01 
 2229.000  7.909397e+01 
 2230.000  7.852778e+01 
 2231.000  7.864774e+01 
 2232.000  7.864382e+01 
 2233.000  7.864969e+01 
 2234.000  7.850313e+01 
 2235.000  7.832328e+01 
 2236.000  7.800765e+01 
 2237.000  7.804418e+01 
 2238.000  7.736313e+01 
 2239.000  7.573952e+01 
 2240.000  7.680618e+01 
 2241.000  7.756426e+01 
 2242.000  7.739741e+01 
 2243.000  7.626298e+01 
 2244.000  7.684257e+01 
 2245.000  7.702504e+01 
 2246.000  7.686026e+01 
 2247.000  7.679172e+01 
 2248.000  7.487602e+01 
 2249.000  7.643533e+01 
 2250.000  7.608668e+01 
 2251.000  7.599749e+01 
 2252.000  7.612217e+01 
 2253.000  7.550871e+01 
 2254.000  7.362234e+01 
 2255.000  7.554459e+01 
 2256.000  7.497449e+01 
 2257.000  7.497389e+01 
 2258.000  7.522684e+01 
 2259.000  7.531181e+01 
 2260.000  7.496641e+01 
 2261.000  7.459942e+01 
 2262.000  7.474374e+01 
 2263.000  7.204567e+01 
 2264.000  7.469643e+01 
 2265.000  7.425478e+01 
 2266.000  7.342539e+01 
 2267.000  7.407580e+01 
 2268.000  7.413910e+01 
 2269.000  7.396888e+01 
 2270.000  7.374984e+01 
 2271.000  7.299661e+01 
 2272.000  7.367189e+01 
 2273.000  7.368839e+01 
 2274.000  7.346905e+01 
 2275.000  7.237921e+01 
 2276.000  7.315643e+01 
 2277.000  7.316988e+01 
 2278.000  7.308530e+01 
 2279.000  7.285900e+01 
 2280.000  7.263910e+01 
 2281.000  6.927664e+01 
 2282.000  7.152938e+01 
 2283.000  7.174392e+01 
 2284.000  7.171926e+01 
 2285.000  7.146061e+01 
 2286.000  7.175064e+01 
 2287.000  7.189526e+01 
 2288.000  7.164831e+01 
 2289.000  7.157444e+01 
 2290.000  7.157218e+01 
 2291.000  7.107134e+01 
 2292.000  7.142256e+01 
 2293.000  7.128186e+01 
 2294.000  6.802423e+01 
 2295.000  6.982639e+01 
 2296.000  6.955070e+01 
 2297.000  6.838317e+01 
 2298.000  6.990077e+01 
 2299.000  6.997494e+01 
 2300.000  6.978850e+01 
 2301.000  6.973569e+01 
 2302.000  6.996125e+01 
 2303.000  6.975383e+01 
 2304.000  6.952788e+01 
 2305.000  6.945440e+01 
 2306.000  6.952766e+01 
 2307.000  6.932990e+01 
 2308.000  6.931896e+01 
 2309.000  6.888077e+01 
 2310.000  6.881625e+01 
 2311.000  6.903208e+01 
 2312.000  6.870923e+01 
 2313.000  6.901390e+01 
 2314.000  6.861158e+01 
 2315.000  6.746827e+01 
 2316.000  6.845607e+01 
 2317.000  6.779050e+01 
 2318.000  6.771878e+01 
 2319.000  6.744734e+01 
 2320.000  6.795400e+01 
 2321.000  6.800465e+01 
 2322.000  6.795168e+01 
 2323.000  6.403340e+01 
 2324.000  6.581154e+01 
 2325.000  6.634895e+01 
 2326.000  6.504968e+01 
 2327.000  6.628505e+01 
 2328.000  6.672919e+01 
 2329.000  6.642008e+01 
 2330.000  6.630583e+01 
 2331.000  6.601336e+01 
 2332.000  6.628150e+01 
 2333.000  6.623559e+01 
 2334.000  6.608569e+01 
 2335.000  6.514702e+01 
 2336.000  6.561601e+01 
 2337.000  6.597594e+01 
 2338.000  6.563511e+01 
 2339.000  6.393671e+01 
 2340.000  6.572867e+01 
 2341.000  6.580804e+01 
 2342.000  6.577767e+01 
 2343.000  6.546719e+01 
 2344.000  6.527655e+01 
 2345.000  6.515119e+01 
 2346.000  6.530681e+01 
 2347.000  6.493568e+01 
 2348.000  6.483989e+01 
 2349.000  6.515029e+01 
 2350.000  6.473740e+01 
 2351.000  6.461893e+01 
 2352.000  6.361494e+01 
 2353.000  6.097926e+01 
 2354.000  6.256493e+01 
 2355.000  6.327846e+01 
 2356.000  6.310887e+01 
 2357.000  6.259817e+01 
 2358.000  6.263086e+01 
 2359.000  6.345988e+01 
 2360.000  6.351466e+01 
 2361.000  6.304905e+01 
 2362.000  6.310956e+01 
 2363.000  6.302083e+01 
 2364.000  6.321026e+01 
 2365.000  6.299138e+01 
 2366.000  6.312120e+01 
 2367.000  6.312891e+01 
 2368.000  6.281224e+01 
 2369.000  6.221106e+01 
 2370.000  6.168475e+01 
 2371.000  6.240007e+01 
 2372.000  6.241988e+01 
 2373.000  6.221027e+01 
 2374.000  5.917308e+01 
 2375.000  6.116726e+01 
 2376.000  6.223198e+01 
 2377.000  6.203164e+01 
 2378.000  6.184856e+01 
 2379.000  6.197668e+01 
 2380.000  6.177545e+01 
 2381.000  6.163305e+01 
 2382.000  6.178232e+01 
 2383.000  5.881828e+01 
 2384.000  5.872258e+01 
 2385.000  5.917679e+01 
 2386.000  5.961054e+01 
 2387.000  5.870201e+01 
 2388.000  6.027665e+01 
 2389.000  6.005924e+01 
 2390.000  6.052195e+01 
 2391.000  6.041681e+01 
 2392.000  6.029339e+01 
 2393.000  5.958423e+01 
 2394.000  6.035815e+01 
 2395.000  5.982481e+01 
 2396.000  5.977733e+01 
 2397.000  6.005682e+01 
 2398.000  5.968856e+01 
 2399.000  5.982091e+01 
 2400.000  5.926170e+01 
 2401.000  5.942960e+01 
 2402.000  5.973174e+01 
 2403.000  5.929461e+01 
 2404.000  5.922075e+01 
 2405.000  5.961120e+01 
 2406.000  5.874463e+01 
 2407.000  5.896378e+01 
 2408.000  5.906665e+01 
 2409.000  5.887633e+01 
 2410.000  5.890611e+01 
 2411.000  5.896107e+01 
 2412.000  5.888715e+01 
 2413.000  5.868609e+01 
 2414.000  5.664297e+01 
 2415.000  5.658179e+01 
 2416.000  5.447999e+01 
 2417.000  5.693804e+01 
 2418.000  5.743344e+01 
 2419.000  5.784487e+01 
 2420.000  5.722560e+01 
 2421.000  5.765673e+01 
 2422.000  5.752031e+01 
 2423.000  5.711531e+01 
 2424.000  5.728469e+01 
 2425.000  5.665209e+01 
 2426.000  5.736673e+01 
 2427.000  5.681161e+01 
 2428.000  5.679517e+01 
 2429.000  5.717794e+01 
 2430.000  5.683497e+01 
 2431.000  5.672365e+01 
 2432.000  5.707446e+01 
 2433.000  5.698706e+01 
 2434.000  5.581774e+01 
 2435.000  5.520518e+01 
 2436.000  5.674870e+01 
 2437.000  5.635729e+01 
 2438.000  5.500382e+01 
 2439.000  5.648802e+01 
 2440.000  5.644027e+01 
 2441.000  5.578386e+01 
 2442.000  5.612691e+01 
 2443.000  5.605276e+01 
 2444.000  5.577268e+01 
 2445.000  5.598288e+01 
 2446.000  5.436614e+01 
 2447.000  5.448988e+01 
 2448.000  5.437689e+01 
 2449.000  5.437692e+01 
 2450.000  5.475671e+01 
 2451.000  5.391378e+01 
 2452.000  5.388768e+01 
 2453.000  5.472634e+01 
 2454.000  5.454996e+01 
 2455.000  5.398722e+01 
 2456.000  5.389202e+01 
 2457.000  5.211455e+01 
 2458.000  5.425761e+01 
 2459.000  5.463117e+01 
 2460.000  5.429423e+01 
 2461.000  5.422372e+01 
 2462.000  5.436408e+01 
 2463.000  5.408075e+01 
 2464.000  5.444480e+01 
 2465.000  5.401589e+01 
 2466.000  5.359287e+01 
 2467.000  5.389529e+01 
 2468.000  5.388914e+01 
 2469.000  5.365234e+01 
 2470.000  5.135740e+01 
 2471.000  5.354748e+01 
 2472.000  5.333255e+01 
 2473.000  5.330208e+01 
 2474.000  5.235078e+01 
 2475.000  5.350000e+01 
 2476.000  5.287432e+01 
 2477.000  5.364682e+01 
 2478.000  5.338462e+01 
 2479.000  5.127262e+01 
 2480.000  5.201407e+01 
 2481.000  5.131180e+01 
 2482.000  5.171441e+01 
 2483.000  5.027358e+01 
 2484.000  5.262103e+01 
 2485.000  5.235631e+01 
 2486.000  5.203442e+01 
 2487.000  4.940177e+01 
 2488.000  5.202850e+01 
 2489.000  5.198564e+01 
 2490.000  5.225018e+01 
 2491.000  5.180395e+01 
 2492.000  5.200890e+01 
 2493.000  5.117850e+01 
 2494.000  5.199266e+01 
 2495.000  5.141599e+01 
 2496.000  5.108524e+01 
 2497.000  5.148975e+01 
 2498.000  5.113123e+01 
 2499.000  5.136405e+01 
 2500.000  5.116882e+01 
 2501.000  5.133230e+01 
 2502.000  5.162577e+01 
 2503.000  5.107529e+01 
 2504.000  5.067994e+01 
 2505.000  5.123930e+01 
 2506.000  5.106914e+01 
 2507.000  5.078093e+01 
 2508.000  5.004974e+01 
 2509.000  4.983986e+01 
 2510.000  4.980783e+01 
 2511.000  5.009358e+01 
 2512.000  5.008296e+01 
 2513.000  5.007211e+01 
 2514.000  4.995611e+01 
 2515.000  4.968829e+01 
 2516.000  5.027570e+01 
 2517.000  4.982563e+01 
 2518.000  4.902258e+01 
 2519.000  4.993495e+01 
 2520.000  4.982361e+01 
 2521.000  4.987690e+01 
 2522.000  4.971216e+01 
 2523.000  4.959595e+01 
 2524.000  4.938555e+01 
 2525.000  4.960963e+01 
 2526.000  4.950820e+01 
 2527.000  4.914788e+01 
 2528.000  4.929301e+01 
 2529.000  4.916811e+01 
 2530.000  4.918100e+01 
 2531.000  4.925309e+01 
 2532.000  4.928761e+01 
 2533.000  4.876253e+01 
 2534.000  4.906908e+01 
 2535.000  4.851919e+01 
 2536.000  4.871437e+01 
 2537.000  4.816575e+01 
 2538.000  4.876400e+01 
 2539.000  4.792847e+01 
 2540.000  4.794485e+01 
 2541.000  4.808879e+01 
 2542.000  4.610513e+01 
 2543.000  4.786926e+01 
 2544.000  4.795271e+01 
 2545.000  4.828664e+01 
 2546.000  4.830464e+01 
 2547.000  4.697714e+01 
 2548.000  4.726399e+01 
 2549.000  4.796038e+01 
 2550.000  4.755598e+01 
 2551.000  4.699095e+01 
 2552.000  4.746469e+01 
 2553.000  4.681376e+01 
 2554.000  4.761324e+01 
 2555.000  4.737730e+01 
 2556.000  4.685371e+01 
 2557.000  4.609367e+01 
 2558.000  4.716006e+01 
 2559.000  4.719517e+01 
 2560.000  4.633977e+01 
 2561.000  4.677597e+01 
 2562.000  4.673742e+01 
 2563.000  4.688767e+01 
 2564.000  4.683871e+01 
 2565.000  4.607796e+01 
 2566.000  4.643420e+01 
 2567.000  4.531497e+01 
 2568.000  4.668874e+01 
 2569.000  4.624917e+01 
 2570.000  4.617856e+01 
 2571.000  4.615271e+01 
 2572.000  4.644009e+01 
 2573.000  4.627306e+01 
 2574.000  4.601514e+01 
 2575.000  4.593968e+01 
 2576.000  4.635891e+01 
 2577.000  4.628158e+01 
 2578.000  4.565899e+01 
 2579.000  4.608346e+01 
 2580.000  4.584357e+01 
 2581.000  4.561400e+01 
 2582.000  4.496759e+01 
 2583.000  4.485982e+01 
 2584.000  4.455411e+01 
 2585.000  4.409817e+01 
 2586.000  4.239061e+01 
 2587.000  4.538929e+01 
 2588.000  4.519239e+01 
 2589.000  4.514873e+01 
 2590.000  4.493689e+01 
 2591.000  4.503839e+01 
 2592.000  4.506146e+01 
 2593.000  4.412971e+01 
 2594.000  4.486087e+01 
 2595.000  4.466124e+01 
 2596.000  4.475554e+01 
 2597.000  4.398666e+01 
 2598.000  4.470983e+01 
 2599.000  4.468583e+01 
 2600.000  4.390455e+01 
 2601.000  4.442979e+01 
 2602.000  4.438845e+01 
 2603.000  4.432808e+01 
 2604.000  4.426591e+01 
 2605.000  4.392544e+01 
 2606.000  4.434137e+01 
 2607.000  4.392514e+01 
 2608.000  4.404728e+01 
 2609.000  4.391707e+01 
 2610.000  4.360919e+01 
 2611.000  4.387674e+01 
 2612.000  4.337000e+01 
 2613.000  4.355675e+01 
 2614.000  4.353477e+01 
 2615.000  4.358521e+01 
 2616.000  4.328485e+01 
 2617.000  4.334001e+01 
 2618.000  4.289807e+01 
 2619.000  4.264548e+01 
 2620.000  4.290235e+01 
 2621.000  4.268052e+01 
 2622.000  4.279101e+01 
 2623.000  4.089111e+01 
 2624.000  4.159364e+01 
 2625.000  3.990830e+01 
 2626.000  3.664112e+01 
 2627.000  4.059539e+01 
 2628.000  4.184851e+01 
 2629.000  4.199763e+01 
 2630.000  4.221053e+01 
 2631.000  4.235265e+01 
 2632.000  4.247373e+01 
 2633.000  4.242482e+01 
 2634.000  4.214271e+01 
 2635.000  4.228345e+01 
 2636.000  4.231623e+01 
 2637.000  4.220719e+01 
 2638.000  4.207435e+01 
 2639.000  4.181861e+01 
 2640.000  3.897792e+01 
 2641.000  4.181942e+01 
 2642.000  4.079833e+01 
 2643.000  4.191509e+01 
 2644.000  4.195228e+01 
 2645.000  4.142622e+01 
 2646.000  4.162771e+01 
 2647.000  4.146617e+01 
 2648.000  4.110473e+01 
 2649.000  4.161735e+01 
 2650.000  4.134268e+01 
 2651.000  4.148207e+01 
 2652.000  4.104353e+01 
 2653.000  4.156665e+01 
 2654.000  4.107971e+01 
 2655.000  3.904393e+01 
 2656.000  4.079061e+01 
 2657.000  4.121476e+01 
 2658.000  4.112450e+01 
 2659.000  4.100686e+01 
 2660.000  4.090825e+01 
 2661.000  4.081784e+01 
 2662.000  4.047129e+01 
 2663.000  4.009401e+01 
 2664.000  4.005408e+01 
 2665.000  3.864799e+01 
 2666.000  4.047971e+01 
 2667.000  3.913668e+01 
 2668.000  4.047334e+01 
 2669.000  4.042866e+01 
 2670.000  4.031890e+01 
 2671.000  4.015328e+01 
 2672.000  4.026086e+01 
 2673.000  4.013704e+01 
 2674.000  3.994016e+01 
 2675.000  3.963782e+01 
 2676.000  3.935197e+01 
 2677.000  3.959677e+01 
 2678.000  3.985882e+01 
 2679.000  3.985909e+01 
 2680.000  3.966465e+01 
 2681.000  3.980364e+01 
 2682.000  3.980293e+01 
 2683.000  3.964238e+01 
 2684.000  3.961002e+01 
 2685.000  3.952307e+01 
 2686.000  3.959454e+01 
 2687.000  3.951971e+01 
 2688.000  3.922384e+01 
 2689.000  3.951900e+01 
 2690.000  3.931193e+01 
 2691.000  3.917801e+01 
 2692.000  3.900241e+01 
 2693.000  3.909483e+01 
 2694.000  3.911946e+01 
 2695.000  3.885443e+01 
 2696.000  3.868222e+01 
 2697.000  3.889570e+01 
 2698.000  3.891468e+01 
 2699.000  3.895834e+01 
 2700.000  3.880185e+01 
 2701.000  3.853396e+01 
 2702.000  3.869265e+01 
 2703.000  3.877950e+01 
 2704.000  3.864234e+01 
 2705.000  3.863496e+01 
 2706.000  3.837732e+01 
 2707.000  3.774364e+01 
 2708.000  3.839994e+01 
 2709.000  3.842133e+01 
 2710.000  3.832729e+01 
 2711.000  3.808126e+01 
 2712.000  3.759595e+01 
 2713.000  3.821638e+01 
 2714.000  3.816306e+01 
 2715.000  3.805554e+01 
 2716.000  3.790587e+01 
 2717.000  3.783183e+01 
 2718.000  3.758996e+01 
 2719.000  3.779216e+01 
 2720.000  3.784821e+01 
 2721.000  3.759805e+01 
 2722.000  3.751949e+01 
 2723.000  3.773441e+01 
 2724.000  3.762425e+01 
 2725.000  3.728425e+01 
 2726.000  3.727063e+01 
 2727.000  3.688402e+01 
 2728.000  3.734983e+01 
 2729.000  3.730614e+01 
 2730.000  3.719246e+01 
 2731.000  3.718713e+01 
 2732.000  3.721647e+01 
 2733.000  3.709367e+01 
 2734.000  3.695722e+01 
 2735.000  3.711766e+01 
 2736.000  3.693653e+01 
 2737.000  3.691148e+01 
 2738.000  3.689534e+01 
 2739.000  3.606066e+01 
 2740.000  3.675894e+01 
 2741.000  3.667038e+01 
 2742.000  3.676378e+01 
 2743.000  3.657960e+01 
 2744.000  3.657196e+01 
 2745.000  3.656202e+01 
 2746.000  3.650808e+01 
 2747.000  3.646806e+01 
 2748.000  3.627389e+01 
 2749.000  3.624444e+01 
 2750.000  3.620480e+01 
 2751.000  3.616091e+01 
 2752.000  3.615738e+01 
 2753.000  3.606349e+01 
 2754.000  3.595256e+01 
 2755.000  3.568184e+01 
 2756.000  3.545680e+01 
 2757.000  3.525660e+01 
 2758.000  3.517430e+01 
 2759.000  3.525192e+01 
 2760.000  3.504934e+01 
 2761.000  3.522576e+01 
 2762.000  3.552200e+01 
 2763.000  3.507728e+01 
 2764.000  3.553489e+01 
 2765.000  3.525929e+01 
 2766.000  3.512981e+01 
 2767.000  3.545386e+01 
 2768.000  3.535365e+01 
 2769.000  3.529315e+01 
 2770.000  3.537099e+01 
 2771.000  3.520850e+01 
 2772.000  3.513201e+01 
 2773.000  3.466689e+01 
 2774.000  3.492906e+01 
 2775.000  3.502133e+01 
 2776.000  3.468169e+01 
 2777.000  3.498333e+01 
 2778.000  3.472823e+01 
 2779.000  3.494255e+01 
 2780.000  3.490985e+01 
 2781.000  3.470086e+01 
 2782.000  3.429154e+01 
 2783.000  3.447028e+01 
 2784.000  3.470349e+01 
 2785.000  3.449141e+01 
 2786.000  3.449841e+01 
 2787.000  3.441460e+01 
 2788.000  3.450959e+01 
 2789.000  3.446787e+01 
 2790.000  3.444750e+01 
 2791.000  3.436243e+01 
 2792.000  3.428406e+01 
 2793.000  3.424699e+01 
 2794.000  3.422921e+01 
 2795.000  3.420493e+01 
 2796.000  3.414783e+01 
 2797.000  3.412584e+01 
 2798.000  3.393694e+01 
 2799.000  3.386619e+01 
 2800.000  3.388168e+01 
 2801.000  3.386867e+01 
 2802.000  3.386554e+01 
 2803.000  3.372087e+01 
 2804.000  3.348478e+01 
 2805.000  3.369408e+01 
 2806.000  3.371138e+01 
 2807.000  3.351085e+01 
 2808.000  3.358116e+01 
 2809.000  3.353370e+01 
 2810.000  3.353218e+01 
 2811.000  3.343686e+01 
 2812.000  3.341127e+01 
 2813.000  3.334249e+01 
 2814.000  3.328353e+01 
 2815.000  3.328093e+01 
 2816.000  3.305788e+01 
 2817.000  3.321478e+01 
 2818.000  3.316802e+01 
 2819.000  3.307176e+01 
 2820.000  3.298265e+01 
 2821.000  3.303198e+01 
 2822.000  3.293068e+01 
 2823.000  3.287168e+01 
 2824.000  3.271755e+01 
 2825.000  3.281680e+01 
 2826.000  3.282782e+01 
 2827.000  3.272110e+01 
 2828.000  3.261714e+01 
 2829.000  3.265240e+01 
 2830.000  3.263544e+01 
 2831.000  3.252320e+01 
 2832.000  3.257016e+01 
 2833.000  3.248120e+01 
 2834.000  3.249232e+01 
 2835.000  3.244633e+01 
 2836.000  3.237239e+01 
 2837.000  3.236053e+01 
 2838.000  3.227018e+01 
 2839.000  3.229927e+01 
 2840.000  3.209088e+01 
 2841.000  3.152505e+01 
 2842.000  3.207273e+01 
 2843.000  3.191119e+01 
 2844.000  3.190072e+01 
 2845.000  3.200027e+01 
 2846.000  3.195731e+01 
 2847.000  3.189082e+01 
 2848.000  3.187878e+01 
 2849.000  3.183264e+01 
 2850.000  3.158300e+01 
 2851.000  3.155926e+01 
 2852.000  3.153848e+01 
 2853.000  3.167891e+01 
 2854.000  3.144832e+01 
 2855.000  3.157182e+01 
 2856.000  3.154262e+01 
 2857.000  3.148505e+01 
 2858.000  3.147666e+01 
 2859.000  3.134928e+01 
 2860.000  3.112075e+01 
 2861.000  3.132070e+01 
 2862.000  3.125651e+01 
 2863.000  3.120525e+01 
 2864.000  3.118622e+01 
 2865.000  3.112674e+01 
 2866.000  3.105765e+01 
 2867.000  3.091655e+01 
 2868.000  3.063495e+01 
 2869.000  3.076541e+01 
 2870.000  3.038851e+01 
 2871.000  3.051581e+01 
 2872.000  3.016666e+01 
 2873.000  2.997731e+01 
 2874.000  3.017924e+01 
 2875.000  3.034077e+01 
 2876.000  3.047663e+01 
 2877.000  3.050757e+01 
 2878.000  3.052020e+01 
 2879.000  3.050545e+01 
 2880.000  3.043179e+01 
 2881.000  3.044191e+01 
 2882.000  3.041507e+01 
 2883.000  3.043842e+01 
 2884.000  3.040215e+01 
 2885.000  3.031334e+01 
 2886.000  3.021960e+01 
 2887.000  3.016043e+01 
 2888.000  3.012001e+01 
 2889.000  2.995181e+01 
 2890.000  3.010407e+01 
 2891.000  3.013699e+01 
 2892.000  3.010854e+01 
 2893.000  3.005359e+01 
 2894.000  2.993022e+01 
 2895.000  2.996939e+01 
 2896.000  2.991199e+01 
 2897.000  2.991523e+01 
 2898.000  2.975497e+01 
 2899.000  2.967753e+01 
 2900.000  2.975462e+01 
 2901.000  2.966338e+01 
 2902.000  2.967771e+01 
 2903.000  2.967944e+01 
 2904.000  2.962520e+01 
 2905.000  2.962557e+01 
 2906.000  2.918596e+01 
 2907.000  2.950653e+01 
 2908.000  2.946562e+01 
 2909.000  2.944817e+01 
 2910.000  2.939977e+01 
 2911.000  2.935991e+01 
 2912.000  2.935143e+01 
 2913.000  2.925918e+01 
 2914.000  2.920285e+01 
 2915.000  2.918252e+01 
 2916.000  2.891941e+01 
 2917.000  2.914817e+01 
 2918.000  2.910073e+01 
 2919.000  2.906662e+01 
 2920.000  2.902345e+01 
 2921.000  2.900141e+01 
 2922.000  2.891598e+01 
 2923.000  2.866909e+01 
 2924.000  2.850740e+01 
 2925.000  2.880974e+01 
 2926.000  2.834005e+01 
 2927.000  2.875935e+01 
 2928.000  2.875107e+01 
 2929.000  2.821302e+01 
 2930.000  2.866101e+01 
 2931.000  2.862829e+01 
 2932.000  2.861786e+01 
 2933.000  2.846748e+01 
 2934.000  2.850990e+01 
 2935.000  2.837813e+01 
 2936.000  2.839456e+01 
 2937.000  2.836497e+01 
 2938.000  2.837282e+01 
 2939.000  2.819817e+01 
 2940.000  2.827531e+01 
 2941.000  2.818522e+01 
 2942.000  2.824865e+01 
 2943.000  2.785219e+01 
 2944.000  2.805592e+01 
 2945.000  2.807160e+01 
 2946.000  2.808250e+01 
 2947.000  2.754152e+01 
 2948.000  2.797761e+01 
 2949.000  2.799108e+01 
 2950.000  2.791917e+01 
 2951.000  2.785000e+01 
 2952.000  2.767365e+01 
 2953.000  2.783938e+01 
 2954.000  2.776456e+01 
 2955.000  2.764754e+01 
 2956.000  2.770794e+01 
 2957.000  2.766830e+01 
 2958.000  2.766780e+01 
 2959.000  2.763154e+01 
 2960.000  2.749608e+01 
 2961.000  2.742302e+01 
 2962.000  2.751431e+01 
 2963.000  2.747968e+01 
 2964.000  2.742231e+01 
 2965.000  2.742630e+01 
 2966.000  2.736458e+01 
 2967.000  2.733231e+01 
 2968.000  2.731322e+01 
 2969.000  2.723195e+01 
 2970.000  2.719260e+01 
 2971.000  2.713625e+01 
 2972.000  2.715556e+01 
 2973.000  2.714217e+01 
 2974.000  2.712522e+01 
 2975.000  2.707895e+01 
 2976.000  2.701600e+01 
 2977.000  2.701840e+01 
 2978.000  2.692757e+01 
 2979.000  2.670244e+01 
 2980.000  2.690185e+01 
 2981.000  2.686423e+01 
 2982.000  2.677030e+01 
 2983.000  2.679955e+01 
 2984.000  2.676140e+01 
 2985.000  2.672117e+01 
 2986.000  2.670099e+01 
 2987.000  2.665744e+01 
 2988.000  2.643989e+01 
 2989.000  2.657766e+01 
 2990.000  2.641999e+01 
 2991.000  2.650536e+01 
 2992.000  2.647631e+01 
 2993.000  2.643565e+01 
 2994.000  2.638986e+01 
 2995.000  2.639027e+01 
 2996.000  2.634423e+01 
 2997.000  2.585935e+01 
 2998.000  2.620576e+01 
 2999.000  2.618473e+01 
 3000.000  2.575667e+01 
