250.0 0.03987 7.8
260.0 0.08386 4.3
270.0 0.14349 6.4
280.0 0.22970 3.4
290.0 0.34778 2.2
300.0 0.48783 2.2
310.0 0.70822 2.0
320.0 0.94062 1.9
330.0 1.25720 1.9
340.0 1.62236 1.8
350.0 2.06895 1.7
360.0 2.62601 1.7
370.0 3.22324 1.6
380.0 3.90926 1.6
390.0 4.67990 1.6
400.0 5.52478 1.5
450.0 11.02531 1.3
500.0 17.98435 1.2
555.0 26.38850 1.1
600.0 33.07305 1.0
654.6 40.36100 0.9
700.0 45.20438 0.9
800.0 51.91584 0.8
900.0 53.89908 0.7
1050.0 51.34069 0.6
1150.0 47.24121 0.5
1200.0 44.91105 0.6
1300.0 40.12347 0.5
1540.0 29.53759 0.5
1600.0 27.25550 0.5
1700.0 23.81513 0.6
2000.0 15.92919 0.6
2100.0 13.95944 0.6
2300.0 10.72554 0.7
2400.0 9.41314 1.2
2500.0 8.33444 1.3